[221930,0,0,0,0,0,0.00,0.00]
[222030,0,0,0,0,0,0.00,0.00]
[222130,0,0,0,0,0,0.00,0.00]
[222230,0,0,0,0,0,0.00,0.00]
[222330,0,0,0,0,0,0.00,0.00]
[222430,0,0,0,0,0,0.00,0.00]
[222530,0,0,0,0,0,0.00,0.00]
[222630,0,0,0,0,0,0.00,0.00]
[222730,0,0,0,0,0,0.00,0.00]
[222830,0,0,0,0,0,0.00,0.00]
[222930,0,0,0,0,0,0.00,0.00]
[223030,0,0,0,0,0,0.00,0.00]
[223130,0,0,0,0,0,0.00,0.00]
[223230,0,0,0,0,0,0.00,0.00]
[223330,0,0,0,0,0,0.00,0.00]
[223430,0,0,0,0,0,0.00,0.00]
[223530,0,0,0,0,0,0.00,0.00]
[223630,0,0,0,0,0,0.00,0.00]
[223730,0,0,0,0,0,0.00,0.00]
[223830,0,0,0,0,0,0.00,0.00]
[223930,0,0,0,0,0,0.00,0.00]
[224030,0,0,0,0,0,0.00,0.00]
[224130,0,0,0,0,0,0.00,0.00]
[224230,0,0,0,0,0,0.00,0.00]
[224330,0,0,0,0,0,0.00,0.00]
[224430,0,0,0,0,0,0.00,0.00]
[224530,0,0,0,0,0,0.00,0.00]
[224630,0,0,0,0,0,0.00,0.00]
[224730,0,0,0,0,0,0.00,0.00]
[224830,0,0,0,0,0,0.00,0.00]
[224930,0,0,0,0,0,0.00,0.00]
[225030,0,0,0,0,0,0.00,0.00]
[225130,0,0,0,0,0,0.00,0.00]
[225230,0,0,0,0,0,0.00,0.00]
[225330,0,0,0,0,0,0.00,0.00]
[225430,0,0,0,0,0,0.00,0.00]
[225530,0,0,0,0,0,0.00,0.00]
[225630,0,0,0,0,0,0.00,0.00]
[225730,0,0,0,0,0,0.00,0.00]
[225830,0,0,0,0,0,0.00,0.00]
[225930,0,0,0,0,0,0.00,0.00]
[226030,0,0,0,0,0,0.00,0.00]
[226130,0,0,0,0,0,0.00,0.00]
[226230,0,0,0,0,0,0.00,0.00]
[226330,0,0,0,0,0,0.00,0.00]
[226440,0,0,0,0,0,0.00,0.00]
[226530,0,0,0,0,0,0.00,0.00]
[226630,0,0,0,0,0,0.00,0.00]
[226730,0,0,0,0,0,0.00,0.00]
[226830,0,0,0,0,0,0.00,0.00]
[226930,0,0,0,0,0,0.00,0.00]
[227030,0,0,0,0,0,0.00,0.00]
[227130,0,0,0,0,0,0.00,0.00]
[227230,0,0,0,0,0,0.00,0.00]
[227330,0,0,0,0,0,0.00,0.00]
[227430,0,0,0,0,0,0.00,0.00]
[227530,0,0,0,0,0,0.00,0.00]
[227630,0,0,0,0,0,0.00,0.00]
[227730,0,0,0,0,0,0.00,0.00]
[227830,0,0,0,0,0,0.00,0.00]
[227930,0,0,0,0,0,0.00,0.00]
[228030,0,0,0,0,0,0.00,0.00]
[228130,0,0,0,0,0,0.00,0.00]
[228230,0,0,0,0,0,0.00,0.00]
[228330,0,0,0,0,0,0.00,0.00]
[228430,0,0,0,0,0,0.00,0.00]
[228530,0,0,0,0,0,0.00,0.00]
[228630,0,0,0,0,0,0.00,0.00]
[228730,0,0,0,0,0,0.00,0.00]
[228830,0,0,0,0,0,0.00,0.00]
[228930,0,0,0,0,0,0.00,0.00]
[229030,0,0,0,0,0,0.00,0.00]
[229130,0,0,0,0,0,0.00,0.00]
[229230,0,0,0,0,0,0.00,0.00]
[229330,0,0,0,0,0,0.00,0.00]
[229430,0,0,0,0,0,0.00,0.00]
[229530,0,0,0,0,0,0.00,0.00]
[229630,0,0,0,0,0,0.00,0.00]
[229730,0,0,0,0,0,0.00,0.00]
[229830,0,0,0,0,0,0.00,0.00]
[229930,0,0,0,0,0,0.00,0.00]
[230030,0,0,0,0,0,0.00,0.00]
[230130,0,0,0,0,0,0.00,0.00]
[230230,0,0,0,0,0,0.00,0.00]
[230330,0,0,0,0,0,0.00,0.00]
[230430,0,0,0,0,0,0.00,0.00]
[230530,0,0,0,0,0,0.00,0.00]
[230630,0,0,0,0,0,0.00,0.00]
[230730,0,0,0,0,0,0.00,0.00]
[230830,0,0,0,0,0,0.00,0.00]
[230930,0,0,0,0,0,0.00,0.00]
[231030,0,0,0,0,0,0.00,0.00]
[231180,0,0,0,0,0,0.00,0.00]
[231230,0,0,0,0,0,0.00,0.00]
[231330,0,0,0,0,0,0.00,0.00]
[231430,0,0,0,0,0,0.00,0.00]
[231530,0,0,0,0,0,0.00,0.00]
[231630,0,0,0,0,0,0.00,0.00]
[231730,0,0,0,0,0,0.00,0.00]
[231830,0,0,0,0,0,0.00,0.00]
[231930,0,0,0,0,0,0.00,0.00]
[232030,0,0,0,0,0,0.00,0.00]
[232130,0,0,0,0,0,0.00,0.00]
[232230,0,0,0,0,0,0.00,0.00]
[232330,0,0,0,0,0,0.00,0.00]
[232430,0,0,0,0,0,0.00,0.00]
[232530,0,0,0,0,0,0.00,0.00]
[232630,0,0,0,0,0,0.00,0.00]
[232720,0,0,0,0,0,0.00,0.00]
[232830,0,0,0,0,0,0.00,0.00]
[232930,0,0,0,0,0,0.00,0.00]
[233030,0,0,0,0,0,0.00,0.00]
[233130,0,0,0,0,0,0.00,0.00]
[233230,0,0,0,0,0,0.00,0.00]
[233330,0,0,0,0,0,0.00,0.00]
[233430,0,0,0,0,0,0.00,0.00]
[233530,0,0,0,0,0,0.00,0.00]
[233630,0,0,0,0,0,0.00,0.00]
[233730,0,0,0,0,0,0.00,0.00]
[233830,0,0,0,0,0,0.00,0.00]
[233930,0,0,0,0,0,0.00,0.00]
[234030,0,0,0,0,0,0.00,0.00]
[234130,0,0,0,0,0,0.00,0.00]
[234230,0,0,0,0,0,0.00,0.00]
[234330,0,0,0,0,0,0.00,0.00]
[234430,0,0,0,0,0,0.00,0.00]
[234530,0,0,0,0,0,0.00,0.00]
[234630,0,0,0,0,0,0.00,0.00]
[234730,0,0,0,0,0,0.00,0.00]
[234830,0,0,0,0,0,0.00,0.00]
[234930,0,0,0,0,0,0.00,0.00]
[235030,0,0,0,0,0,0.00,0.00]
[235130,0,0,0,0,0,0.00,0.00]
[235230,0,0,0,0,0,0.00,0.00]
[235330,0,0,0,0,0,0.00,0.00]
[235440,0,0,0,0,0,0.00,0.00]
[235530,0,0,0,0,0,0.00,0.00]
[235630,0,0,0,0,0,0.00,0.00]
[235730,0,0,0,0,0,0.00,0.00]
[235830,0,0,0,0,0,0.00,0.00]
[235930,0,0,0,0,0,0.00,0.00]
[236030,0,0,0,0,0,0.00,0.00]
[236130,0,0,0,0,0,0.00,0.00]
[236230,0,0,0,0,0,0.00,0.00]
[236330,0,0,0,0,0,0.00,0.00]
[236430,0,0,0,0,0,0.00,0.00]
[236530,0,0,0,0,0,0.00,0.00]
[236630,0,0,0,0,0,0.00,0.00]
[236730,0,0,0,0,0,0.00,0.00]
[236830,0,0,0,0,0,0.00,0.00]
[236930,0,0,0,0,0,0.00,0.00]
[237030,0,0,0,0,0,0.00,0.00]
[237130,0,0,0,0,0,0.00,0.00]
[237230,0,0,0,0,0,0.00,0.00]
[237330,0,0,0,0,0,0.00,0.00]
[237430,0,0,0,0,0,0.00,0.00]
[237530,0,0,0,0,0,0.00,0.00]
[237630,0,0,0,0,0,0.00,0.00]
[237730,0,0,0,0,0,0.00,0.00]
[237830,0,0,0,0,0,0.00,0.00]
[237930,0,0,0,0,0,0.00,0.00]
[238030,0,0,0,0,0,0.00,0.00]
[238130,0,0,0,0,0,0.00,0.00]
[238230,0,0,0,0,0,0.00,0.00]
[238330,0,0,0,0,0,0.00,0.00]
[238430,0,0,0,0,0,0.00,0.00]
[238530,0,0,0,0,0,0.00,0.00]
[238630,0,0,0,0,0,0.00,0.00]
[238730,0,0,0,0,0,0.00,0.00]
[238830,0,0,0,0,0,0.00,0.00]
[238930,0,0,0,0,0,0.00,0.00]
[239030,0,0,0,0,0,0.00,0.00]
[239130,0,0,0,0,0,0.00,0.00]
[239230,0,0,0,0,0,0.00,0.00]
[239330,0,0,0,0,0,0.00,0.00]
[239430,0,0,0,0,0,0.00,0.00]
[239530,0,0,0,0,0,0.00,0.00]
[239630,0,0,0,0,0,0.00,0.00]
[239730,0,0,0,0,0,0.00,0.00]
[239830,0,0,0,0,0,0.00,0.00]
[239930,0,0,0,0,0,0.00,0.00]
[240030,0,0,0,0,0,0.00,0.00]
[240130,0,0,0,0,0,0.00,0.00]
[240230,0,0,0,0,0,0.00,0.00]
[240330,0,0,0,0,0,0.00,0.00]
[240430,0,0,0,0,0,0.00,0.00]
[240530,0,0,0,0,0,0.00,0.00]
[240630,0,0,0,0,0,0.00,0.00]
[240730,0,0,0,0,0,0.00,0.00]
[240830,0,0,0,0,0,0.00,0.00]
[240930,0,0,0,0,0,0.00,0.00]
[241030,0,0,0,0,0,0.00,0.00]
[241130,0,0,0,0,0,0.00,0.00]
[241230,0,0,0,0,0,0.00,0.00]
[241330,0,0,0,0,0,0.00,0.00]
[241430,0,0,0,0,0,0.00,0.00]
[241530,0,0,0,0,0,0.00,0.00]
[241630,0,0,0,0,0,0.00,0.00]
[241730,0,0,0,0,0,0.00,0.00]
[241830,0,0,0,0,0,0.00,0.00]
[241930,0,0,0,0,0,0.00,0.00]
[242030,0,0,0,0,0,0.00,0.00]
[242130,0,0,0,0,0,0.00,0.00]
[242230,0,0,0,0,0,0.00,0.00]
[242330,0,0,0,0,0,0.00,0.00]
[242430,0,0,0,0,0,0.00,0.00]
[242530,0,0,0,0,0,0.00,0.00]
[242630,0,0,0,0,0,0.00,0.00]
[242730,0,0,0,0,0,0.00,0.00]
[242830,0,0,0,0,0,0.00,0.00]
[242930,0,0,0,0,0,0.00,0.00]
[243030,0,0,0,0,0,0.00,0.00]
[243130,0,0,0,0,0,0.00,0.00]
[243230,0,0,0,0,0,0.00,0.00]
[243330,0,0,0,0,0,0.00,0.00]
[243430,0,0,0,0,0,0.00,0.00]
[243530,0,0,0,0,0,0.00,0.00]
[243630,0,0,0,0,0,0.00,0.00]
[243730,0,0,0,0,0,0.00,0.00]
[243830,0,0,0,0,0,0.00,0.00]
[243930,0,0,0,0,0,0.00,0.00]
[244030,0,0,0,0,0,0.00,0.00]
[244130,0,0,0,0,0,0.00,0.00]
[244230,0,0,0,0,0,0.00,0.00]
[244330,0,0,0,0,0,0.00,0.00]
[244430,0,0,0,0,0,0.00,0.00]
[244530,0,0,0,0,0,0.00,0.00]
[244630,0,0,0,0,0,0.00,0.00]
[244730,0,0,0,0,0,0.00,0.00]
[244830,0,0,0,0,0,0.00,0.00]
[244930,0,0,0,0,0,0.00,0.00]
[245030,0,0,0,0,0,0.00,0.00]
[245130,0,0,0,0,0,0.00,0.00]
[245230,0,0,0,0,0,0.00,0.00]
[245330,0,0,0,0,0,0.00,0.00]
[245440,0,0,0,0,0,0.00,0.00]
[245530,0,0,0,0,0,0.00,0.00]
[245630,0,0,0,0,0,0.00,0.00]
[245730,0,0,0,0,0,0.00,0.00]
[245830,0,0,0,0,0,0.00,0.00]
[245930,0,0,0,0,0,0.00,0.00]
[246030,0,0,0,0,0,0.00,0.00]
[246130,0,0,0,0,0,0.00,0.00]
[246230,0,0,0,0,0,0.00,0.00]
[246330,0,0,0,0,0,0.00,0.00]
[246430,0,0,0,0,0,0.00,0.00]
[246530,0,0,0,0,0,0.00,0.00]
[246630,0,0,0,0,0,0.00,0.00]
[246730,0,0,0,0,0,0.00,0.00]
[246830,0,0,0,0,0,0.00,0.00]
[246930,0,0,0,0,0,0.00,0.00]
[247030,0,0,0,0,0,0.00,0.00]
[247130,0,0,0,0,0,0.00,0.00]
[247230,0,0,0,0,0,0.00,0.00]
[247330,0,0,0,0,0,0.00,0.00]
[247430,0,0,0,0,0,0.00,0.00]
[247530,0,0,0,0,0,0.00,0.00]
[247630,0,0,0,0,0,0.00,0.00]
[247730,0,0,0,0,0,0.00,0.00]
[247830,0,0,0,0,0,0.00,0.00]
[247930,0,0,0,0,0,0.00,0.00]
[248030,0,0,0,0,0,0.00,0.00]
[248130,0,0,0,0,0,0.00,0.00]
[248230,0,0,0,0,0,0.00,0.00]
[248330,0,0,0,0,0,0.00,0.00]
[248430,0,0,0,0,0,0.00,0.00]
[248530,0,0,0,0,0,0.00,0.00]
[248630,0,0,0,0,0,0.00,0.00]
[248730,0,0,0,0,0,0.00,0.00]
[248830,0,0,0,0,0,0.00,0.00]
[248930,0,0,0,0,0,0.00,0.00]
[249030,0,0,0,0,0,0.00,0.00]
[249130,0,0,0,0,0,0.00,0.00]
[249230,0,0,0,0,0,0.00,0.00]
[249330,0,0,0,0,0,0.00,0.00]
[249430,0,0,0,0,0,0.00,0.00]
[249530,0,0,0,0,0,0.00,0.00]
[249630,0,0,0,0,0,0.00,0.00]
[249730,0,0,0,0,0,0.00,0.00]
[249830,0,0,0,0,0,0.00,0.00]
[249930,0,0,0,0,0,0.00,0.00]
[250030,0,0,0,0,0,0.00,0.00]
[250130,0,0,0,0,0,0.00,0.00]
[250230,0,0,0,0,0,0.00,0.00]
[250330,0,0,0,0,0,0.00,0.00]
[250430,0,0,0,0,0,0.00,0.00]
[250530,0,0,0,0,0,0.00,0.00]
[250630,0,0,0,0,0,0.00,0.00]
[250730,0,0,0,0,0,0.00,0.00]
[250830,0,0,0,0,0,0.00,0.00]
[250930,0,0,0,0,0,0.00,0.00]
[251030,0,0,0,0,0,0.00,0.00]
[251130,0,0,0,0,0,0.00,0.00]
[251230,0,0,0,0,0,0.00,0.00]
[251330,0,0,0,0,0,0.00,0.00]
[251430,0,0,0,0,0,0.00,0.00]
[251530,0,0,0,0,0,0.00,0.00]
[251630,0,0,0,0,0,0.00,0.00]
[251730,0,0,0,0,0,0.00,0.00]
[251830,0,0,0,0,0,0.00,0.00]
[251930,0,0,0,0,0,0.00,0.00]
[252030,0,0,0,0,0,0.00,0.00]
[252130,0,0,0,0,0,0.00,0.00]
[252230,0,0,0,0,0,0.00,0.00]
[252330,0,0,0,0,0,0.00,0.00]
[252430,0,0,0,0,0,0.00,0.00]
[252530,0,0,0,0,0,0.00,0.00]
[252630,0,0,0,0,0,0.00,0.00]
[252730,0,0,0,0,0,0.00,0.00]
[252830,0,0,0,0,0,0.00,0.00]
[252930,0,0,0,0,0,0.00,0.00]
[253030,0,0,0,0,0,0.00,0.00]
[253130,0,0,0,0,0,0.00,0.00]
[253230,0,0,0,0,0,0.00,0.00]
[253330,0,0,0,0,0,0.00,0.00]
[253430,0,0,0,0,0,0.00,0.00]
[253530,0,0,0,0,0,0.00,0.00]
[253630,0,0,0,0,0,0.00,0.00]
[253730,0,0,0,0,0,0.00,0.00]
[253830,0,0,0,0,0,0.00,0.00]
[253930,0,0,0,0,0,0.00,0.00]
[254030,0,0,0,0,0,0.00,0.00]
[254130,0,0,0,0,0,0.00,0.00]
[254230,0,0,0,0,0,0.00,0.00]
[254330,0,0,0,0,0,0.00,0.00]
[254430,0,0,0,0,0,0.00,0.00]
[254530,0,0,0,0,0,0.00,0.00]
[254630,0,0,0,0,0,0.00,0.00]
[254730,0,0,0,0,0,0.00,0.00]
[254830,0,0,0,0,0,0.00,0.00]
[254930,0,0,0,0,0,0.00,0.00]
[255030,0,0,0,0,0,0.00,0.00]
[255130,0,0,0,0,0,0.00,0.00]
[255230,0,0,0,0,0,0.00,0.00]
[255330,0,0,0,0,0,0.00,0.00]
[255430,0,0,0,0,0,0.00,0.00]
[255530,0,0,0,0,0,0.00,0.00]
[255630,0,0,0,0,0,0.00,0.00]
[255730,0,0,0,0,0,0.00,0.00]
[255830,0,0,0,0,0,0.00,0.00]
[255930,0,0,0,0,0,0.00,0.00]
[256030,0,0,0,0,0,0.00,0.00]
[256130,0,0,0,0,0,0.00,0.00]
[256230,0,0,0,0,0,0.00,0.00]
[256330,0,0,0,0,0,0.00,0.00]
[256430,0,0,0,0,0,0.00,0.00]
[256530,0,0,0,0,0,0.00,0.00]
[256630,0,0,0,0,0,0.00,0.00]
[256730,0,0,0,0,0,0.00,0.00]
[256830,0,0,0,0,0,0.00,0.00]
[256930,0,0,0,0,0,0.00,0.00]
[257030,0,0,0,0,0,0.00,0.00]
[257130,0,0,0,0,0,0.00,0.00]
[257230,0,0,0,0,0,0.00,0.00]
[257330,0,0,0,0,0,0.00,0.00]
[257430,0,0,0,0,0,0.00,0.00]
[257530,0,0,0,0,0,0.00,0.00]
[257630,0,0,0,0,0,0.00,0.00]
[257730,0,0,0,0,0,0.00,0.00]
[257830,0,0,0,0,0,0.00,0.00]
[257930,0,0,0,0,0,0.00,0.00]
[258030,0,0,0,0,0,0.00,0.00]
[258130,0,0,0,0,0,0.00,0.00]
[258230,0,0,0,0,0,0.00,0.00]
[258330,0,0,0,0,0,0.00,0.00]
[258430,0,0,0,0,0,0.00,0.00]
[258530,0,0,0,0,0,0.00,0.00]
[258630,0,0,0,0,0,0.00,0.00]
[258730,0,0,0,0,0,0.00,0.00]
[258830,0,0,0,0,0,0.00,0.00]
[258930,0,0,0,0,0,0.00,0.00]
[259030,0,0,0,0,0,0.00,0.00]
[259130,0,0,0,0,0,0.00,0.00]
[259230,0,0,0,0,0,0.00,0.00]
[259330,0,0,0,0,0,0.00,0.00]
[259430,0,0,0,0,0,0.00,0.00]
[259530,0,0,0,0,0,0.00,0.00]
[259630,0,0,0,0,0,0.00,0.00]
[259730,0,0,0,0,0,0.00,0.00]
[259830,0,0,0,0,0,0.00,0.00]
[259930,0,0,0,0,0,0.00,0.00]
[260030,0,0,0,0,0,0.00,0.00]
[260130,0,0,0,0,0,0.00,0.00]
[260230,0,0,0,0,0,0.00,0.00]
[260330,0,0,0,0,0,0.00,0.00]
[260430,0,0,0,0,0,0.00,0.00]
[260530,0,0,0,0,0,0.00,0.00]
[260630,0,0,0,0,0,0.00,0.00]
[260730,0,0,0,0,0,0.00,0.00]
[260830,0,0,0,0,0,0.00,0.00]
[260930,0,0,0,0,0,0.00,0.00]
[261030,0,0,0,0,0,0.00,0.00]
[261130,0,0,0,0,0,0.00,0.00]
[261230,0,0,0,0,0,0.00,0.00]
[261330,0,0,0,0,0,0.00,0.00]
[261430,0,0,0,0,0,0.00,0.00]
[261530,0,0,0,0,0,0.00,0.00]
[261630,0,0,0,0,0,0.00,0.00]
[261730,0,0,0,0,0,0.00,0.00]
[261830,0,0,0,0,0,0.00,0.00]
[261930,0,0,0,0,0,0.00,0.00]
[262030,0,0,0,0,0,0.00,0.00]
[262130,0,0,0,0,0,0.00,0.00]
[262230,0,0,0,0,0,0.00,0.00]
[262330,0,0,0,0,0,0.00,0.00]
[262430,0,0,0,0,0,0.00,0.00]
[262530,0,0,0,0,0,0.00,0.00]
[262630,0,0,0,0,0,0.00,0.00]
[262730,0,0,0,0,0,0.00,0.00]
[262830,0,0,0,0,0,0.00,0.00]
[262930,0,0,0,0,0,0.00,0.00]
[263030,0,0,0,0,0,0.00,0.00]
[263130,0,0,0,0,0,0.00,0.00]
[263230,0,0,0,0,0,0.00,0.00]
[263330,0,0,0,0,0,0.00,0.00]
[263430,0,0,0,0,0,0.00,0.00]
[263530,0,0,0,0,0,0.00,0.00]
[263630,0,0,0,0,0,0.00,0.00]
[263730,0,0,0,0,0,0.00,0.00]
[263830,0,0,0,0,0,0.00,0.00]
[263930,0,0,0,0,0,0.00,0.00]
[264030,0,0,0,0,0,0.00,0.00]
[264130,0,0,0,0,0,0.00,0.00]
[264230,0,0,0,0,0,0.00,0.00]
[264330,0,0,0,0,0,0.00,0.00]
[264430,0,0,0,0,0,0.00,0.00]
[264530,0,0,0,0,0,0.00,0.00]
[264630,0,0,0,0,0,0.00,0.00]
[264730,0,0,0,0,0,0.00,0.00]
[264830,0,0,0,0,0,0.00,0.00]
[264930,0,0,0,0,0,0.00,0.00]
[265030,0,0,0,0,0,0.00,0.00]
[265130,0,0,0,0,0,0.00,0.00]
[265230,0,0,0,0,0,0.00,0.00]
[265330,0,0,0,0,0,0.00,0.00]
[265440,0,0,0,0,0,0.00,0.00]
[265530,0,0,0,0,0,0.00,0.00]
[265630,0,0,0,0,0,0.00,0.00]
[265730,0,0,0,0,0,0.00,0.00]
[265830,0,0,0,0,0,0.00,0.00]
[265930,0,0,0,0,0,0.00,0.00]
[266030,0,0,0,0,0,0.00,0.00]
[266130,0,0,0,0,0,0.00,0.00]
[266230,0,0,0,0,0,0.00,0.00]
[266330,0,0,0,0,0,0.00,0.00]
[266430,0,0,0,0,0,0.00,0.00]
[266530,0,0,0,0,0,0.00,0.00]
[266630,0,0,0,0,0,0.00,0.00]
[266730,0,0,0,0,0,0.00,0.00]
[266830,0,0,0,0,0,0.00,0.00]
[266930,0,0,0,0,0,0.00,0.00]
[267030,0,0,0,0,0,0.00,0.00]
[267130,0,0,0,0,0,0.00,0.00]
[267230,0,0,0,0,0,0.00,0.00]
[267330,0,0,0,0,0,0.00,0.00]
[267430,0,0,0,0,0,0.00,0.00]
[267530,0,0,0,0,0,0.00,0.00]
[267630,0,0,0,0,0,0.00,0.00]
[267730,0,0,0,0,0,0.00,0.00]
[267830,0,0,0,0,0,0.00,0.00]
[267930,0,0,0,0,0,0.00,0.00]
[268030,0,0,0,0,0,0.00,0.00]
[268130,0,0,0,0,0,0.00,0.00]
[268230,0,0,0,0,0,0.00,0.00]
[268330,0,0,0,0,0,0.00,0.00]
[268430,0,0,0,0,0,0.00,0.00]
[268530,0,0,0,0,0,0.00,0.00]
[268630,0,0,0,0,0,0.00,0.00]
[268730,0,0,0,0,0,0.00,0.00]
[268830,0,0,0,0,0,0.00,0.00]
[268930,0,0,0,0,0,0.00,0.00]
[269030,0,0,0,0,0,0.00,0.00]
[269130,0,0,0,0,0,0.00,0.00]
[269230,0,0,0,0,0,0.00,0.00]
[269330,0,0,0,0,0,0.00,0.00]
[269430,0,0,0,0,0,0.00,0.00]
[269530,0,0,0,0,0,0.00,0.00]
[269630,0,0,0,0,0,0.00,0.00]
[269730,0,0,0,0,0,0.00,0.00]
[269830,0,0,0,0,0,0.00,0.00]
[269930,0,0,0,0,0,0.00,0.00]
[270030,0,0,0,0,0,0.00,0.00]
[270130,0,0,0,0,0,0.00,0.00]
[270230,0,0,0,0,0,0.00,0.00]
[270330,0,0,0,0,0,0.00,0.00]
[270430,0,0,0,0,0,0.00,0.00]
[270530,0,0,0,0,0,0.00,0.00]
[270630,0,0,0,0,0,0.00,0.00]
[270730,0,0,0,0,0,0.00,0.00]
[270830,0,0,0,0,0,0.00,0.00]
[270930,0,0,0,0,0,0.00,0.00]
[271030,0,0,0,0,0,0.00,0.00]
[271130,0,0,0,0,0,0.00,0.00]
[271230,0,0,0,0,0,0.00,0.00]
[271330,0,0,0,0,0,0.00,0.00]
[271430,0,0,0,0,0,0.00,0.00]
[271530,0,0,0,0,0,0.00,0.00]
[271630,0,0,0,0,0,0.00,0.00]
[271730,0,0,0,0,0,0.00,0.00]
[271830,0,0,0,0,0,0.00,0.00]
[271930,0,0,0,0,0,0.00,0.00]
[272030,0,0,0,0,0,0.00,0.00]
[272130,0,0,0,0,0,0.00,0.00]
[272230,0,0,0,0,0,0.00,0.00]
[272330,0,0,0,0,0,0.00,0.00]
[272430,0,0,0,0,0,0.00,0.00]
[272530,0,0,0,0,0,0.00,0.00]
[272630,0,0,0,0,0,0.00,0.00]
[272730,0,0,0,0,0,0.00,0.00]
[272830,0,0,0,0,0,0.00,0.00]
[272930,0,0,0,0,0,0.00,0.00]
[273030,0,0,0,0,0,0.00,0.00]
[273130,0,0,0,0,0,0.00,0.00]
[273230,0,0,0,0,0,0.00,0.00]
[273330,0,0,0,0,0,0.00,0.00]
[273430,0,0,0,0,0,0.00,0.00]
[273530,0,0,0,0,0,0.00,0.00]
[273630,0,0,0,0,0,0.00,0.00]
[273730,0,0,0,0,0,0.00,0.00]
[273830,0,0,0,0,0,0.00,0.00]
[273930,0,0,0,0,0,0.00,0.00]
[274030,0,0,0,0,0,0.00,0.00]
[274130,0,0,0,0,0,0.00,0.00]
[274230,0,0,0,0,0,0.00,0.00]
[274330,0,0,0,0,0,0.00,0.00]
[274430,0,0,0,0,0,0.00,0.00]
[274530,0,0,0,0,0,0.00,0.00]
[274630,0,0,0,0,0,0.00,0.00]
[274730,0,0,0,0,0,0.00,0.00]
[274830,0,0,0,0,0,0.00,0.00]
[274930,0,0,0,0,0,0.00,0.00]
[275030,0,0,0,0,0,0.00,0.00]
[275130,0,0,0,0,0,0.00,0.00]
[275230,0,0,0,0,0,0.00,0.00]
[275330,0,0,0,0,0,0.00,0.00]
[275430,0,0,0,0,0,0.00,0.00]
[275530,0,0,0,0,0,0.00,0.00]
[275630,0,0,0,0,0,0.00,0.00]
[275730,0,0,0,0,0,0.00,0.00]
[275830,0,0,0,0,0,0.00,0.00]
[275930,0,0,0,0,0,0.00,0.00]
[276030,0,0,0,0,0,0.00,0.00]
[276130,0,0,0,0,0,0.00,0.00]
[276230,0,0,0,0,0,0.00,0.00]
[276330,0,0,0,0,0,0.00,0.00]
[276430,0,0,0,0,0,0.00,0.00]
[276530,0,0,0,0,0,0.00,0.00]
[276630,0,0,0,0,0,0.00,0.00]
[276730,0,0,0,0,0,0.00,0.00]
[276830,0,0,0,0,0,0.00,0.00]
[276930,0,0,0,0,0,0.00,0.00]
[277030,0,0,0,0,0,0.00,0.00]
[277130,0,0,0,0,0,0.00,0.00]
[277230,0,0,0,0,0,0.00,0.00]
[277330,0,0,0,0,0,0.00,0.00]
[277430,0,0,0,0,0,0.00,0.00]
[277530,0,0,0,0,0,0.00,0.00]
[277630,0,0,0,0,0,0.00,0.00]
[277730,0,0,0,0,0,0.00,0.00]
[277830,0,0,0,0,0,0.00,0.00]
[277930,0,0,0,0,0,0.00,0.00]
[278030,0,0,0,0,0,0.00,0.00]
[278130,0,0,0,0,0,0.00,0.00]
[278230,0,0,0,0,0,0.00,0.00]
[278330,0,0,0,0,0,0.00,0.00]
[278430,0,0,0,0,0,0.00,0.00]
[278530,0,0,0,0,0,0.00,0.00]
[278630,0,0,0,0,0,0.00,0.00]
[278730,0,0,0,0,0,0.00,0.00]
[278830,0,0,0,0,0,0.00,0.00]
[278930,0,0,0,0,0,0.00,0.00]
[279030,0,0,0,0,0,0.00,0.00]
[279130,0,0,0,0,0,0.00,0.00]
[279230,0,0,0,0,0,0.00,0.00]
[279330,0,0,0,0,0,0.00,0.00]
[279430,0,0,0,0,0,0.00,0.00]
[279530,0,0,0,0,0,0.00,0.00]
[279630,0,0,0,0,0,0.00,0.00]
[279730,0,0,0,0,0,0.00,0.00]
[279830,0,0,0,0,0,0.00,0.00]
[279930,0,0,0,0,0,0.00,0.00]
[280030,0,0,0,0,0,0.00,0.00]
[280130,0,0,0,0,0,0.00,0.00]
[280230,0,0,0,0,0,0.00,0.00]
[280330,0,0,0,0,0,0.00,0.00]
[280430,0,0,0,0,0,0.00,0.00]
[280530,0,0,0,0,0,0.00,0.00]
[280630,0,0,0,0,0,0.00,0.00]
[280730,0,0,0,0,0,0.00,0.00]
[280830,0,0,0,0,0,0.00,0.00]
[280930,0,0,0,0,0,0.00,0.00]
[281030,0,0,0,0,0,0.00,0.00]
[281130,0,0,0,0,0,0.00,0.00]
[281230,0,0,0,0,0,0.00,0.00]
[281330,0,0,0,0,0,0.00,0.00]
[281430,0,0,0,0,0,0.00,0.00]
[281530,0,0,0,0,0,0.00,0.00]
[281630,0,0,0,0,0,0.00,0.00]
[281730,0,0,0,0,0,0.00,0.00]
[281830,0,0,0,0,0,0.00,0.00]
[281930,0,0,0,0,0,0.00,0.00]
[282030,0,0,0,0,0,0.00,0.00]
[282130,0,0,0,0,0,0.00,0.00]
[282230,0,0,0,0,0,0.00,0.00]
[282330,0,0,0,0,0,0.00,0.00]
[282430,0,0,0,0,0,0.00,0.00]
[282530,0,0,0,0,0,0.00,0.00]
[282630,0,0,0,0,0,0.00,0.00]
[282730,0,0,0,0,0,0.00,0.00]
[282830,0,0,0,0,0,0.00,0.00]
[282930,0,0,0,0,0,0.00,0.00]
[283030,0,0,0,0,0,0.00,0.00]
[283130,0,0,0,0,0,0.00,0.00]
[283230,0,0,0,0,0,0.00,0.00]
[283330,0,0,0,0,0,0.00,0.00]
[283430,0,0,0,0,0,0.00,0.00]
[283530,0,0,0,0,0,0.00,0.00]
[283630,0,0,0,0,0,0.00,0.00]
[283730,0,0,0,0,0,0.00,0.00]
[283830,0,0,0,0,0,0.00,0.00]
[283930,0,0,0,0,0,0.00,0.00]
[284040,0,0,0,0,0,0.00,0.00]
[284130,0,0,0,0,0,0.00,0.00]
[284230,0,0,0,0,0,0.00,0.00]
[284330,0,0,0,0,0,0.00,0.00]
[284430,0,0,0,0,0,0.00,0.00]
[284530,0,0,0,0,0,0.00,0.00]
[284630,0,0,0,0,0,0.00,0.00]
[284730,0,0,0,0,0,0.00,0.00]
[284830,0,0,0,0,0,0.00,0.00]
[284930,0,0,0,0,0,0.00,0.00]
[285030,0,0,0,0,0,0.00,0.00]
[285130,0,0,0,0,0,0.00,0.00]
[285230,0,0,0,0,0,0.00,0.00]
[285330,0,0,0,0,0,0.00,0.00]
[285430,0,0,0,0,0,0.00,0.00]
[285530,0,0,0,0,0,0.00,0.00]
[285630,0,0,0,0,0,0.00,0.00]
[285730,0,0,0,0,0,0.00,0.00]
[285830,0,0,0,0,0,0.00,0.00]
[285930,0,0,0,0,0,0.00,0.00]
[286030,0,0,0,0,0,0.00,0.00]
[286130,0,0,0,0,0,0.00,0.00]
[286230,0,0,0,0,0,0.00,0.00]
[286330,0,0,0,0,0,0.00,0.00]
[286430,0,0,0,0,0,0.00,0.00]
[286530,0,0,0,0,0,0.00,0.00]
[286630,0,0,0,0,0,0.00,0.00]
[286730,0,0,0,0,0,0.00,0.00]
[286830,0,0,0,0,0,0.00,0.00]
[286930,0,0,0,0,0,0.00,0.00]
[287030,0,0,0,0,0,0.00,0.00]
[287130,0,0,0,0,0,0.00,0.00]
[287230,0,0,0,0,0,0.00,0.00]
[287330,0,0,0,0,0,0.00,0.00]
[287430,0,0,0,0,0,0.00,0.00]
[287530,0,0,0,0,0,0.00,0.00]
[287630,0,0,0,0,0,0.00,0.00]
[287730,0,0,0,0,0,0.00,0.00]
[287830,0,0,0,0,0,0.00,0.00]
[287980,0,0,0,0,0,0.00,0.00]
[288030,0,0,0,0,0,0.00,0.00]
[288130,0,0,0,0,0,0.00,0.00]
[288230,0,0,0,0,0,0.00,0.00]
[288330,0,0,0,0,0,0.00,0.00]
[288430,0,0,0,0,0,0.00,0.00]
[288530,0,0,0,0,0,0.00,0.00]
[288630,0,0,0,0,0,0.00,0.00]
[288730,0,0,0,0,0,0.00,0.00]
[288830,0,0,0,0,0,0.00,0.00]
[288930,0,0,0,0,0,0.00,0.00]
[289030,0,0,0,0,0,0.00,0.00]
[289130,0,0,0,0,0,0.00,0.00]
[289230,0,0,0,0,0,0.00,0.00]
[289330,0,0,0,0,0,0.00,0.00]
[289430,0,0,0,0,0,0.00,0.00]
[289530,0,0,0,0,0,0.00,0.00]
[289630,0,0,0,0,0,0.00,0.00]
[289730,0,0,0,0,0,0.00,0.00]
[289830,0,0,0,0,0,0.00,0.00]
[289930,0,0,0,0,0,0.00,0.00]
[290030,0,0,0,0,0,0.00,0.00]
[290130,0,0,0,0,0,0.00,0.00]
[290230,0,0,0,0,0,0.00,0.00]
[290330,0,0,0,0,0,0.00,0.00]
[290430,0,0,0,0,0,0.00,0.00]
[290530,0,0,0,0,0,0.00,0.00]
[290630,0,0,0,0,0,0.00,0.00]
[290730,0,0,0,0,0,0.00,0.00]
[290830,0,0,0,0,0,0.00,0.00]
[290930,0,0,0,0,0,0.00,0.00]
[291030,0,0,0,0,0,0.00,0.00]
[291130,0,0,0,0,0,0.00,0.00]
[291230,0,0,0,0,0,0.00,0.00]
[291330,0,0,0,0,0,0.00,0.00]
[291430,0,0,0,0,0,0.00,0.00]
[291530,0,0,0,0,0,0.00,0.00]
[291630,0,0,0,0,0,0.00,0.00]
[291730,0,0,0,0,0,0.00,0.00]
[291830,0,0,0,0,0,0.00,0.00]
[291930,0,0,0,0,0,0.00,0.00]
[292030,0,0,0,0,0,0.00,0.00]
[292130,0,0,0,0,0,0.00,0.00]
[292230,0,0,0,0,0,0.00,0.00]
[292330,0,0,0,0,0,0.00,0.00]
[292430,0,0,0,0,0,0.00,0.00]
[292530,0,0,0,0,0,0.00,0.00]
[292630,0,0,0,0,0,0.00,0.00]
[292730,0,0,0,0,0,0.00,0.00]
[292830,0,0,0,0,0,0.00,0.00]
[292930,0,0,0,0,0,0.00,0.00]
[293030,0,0,0,0,0,0.00,0.00]
[293130,0,0,0,0,0,0.00,0.00]
[293230,0,0,0,0,0,0.00,0.00]
[293330,0,0,0,0,0,0.00,0.00]
[293430,0,0,0,0,0,0.00,0.00]
[293530,0,0,0,0,0,0.00,0.00]
[293630,0,0,0,0,0,0.00,0.00]
[293730,0,0,0,0,0,0.00,0.00]
[293830,0,0,0,0,0,0.00,0.00]
[293930,0,0,0,0,0,0.00,0.00]
[294030,0,0,0,0,0,0.00,0.00]
[294130,0,0,0,0,0,0.00,0.00]
[294230,0,0,0,0,0,0.00,0.00]
[294330,0,0,0,0,0,0.00,0.00]
[294430,0,0,0,0,0,0.00,0.00]
[294530,0,0,0,0,0,0.00,0.00]
[294630,0,0,0,0,0,0.00,0.00]
[294730,0,0,0,0,0,0.00,0.00]
[294830,0,0,0,0,0,0.00,0.00]
[294930,0,0,0,0,0,0.00,0.00]
[295030,0,0,0,0,0,0.00,0.00]
[295130,0,0,0,0,0,0.00,0.00]
[295230,0,0,0,0,0,0.00,0.00]
[295330,0,0,0,0,0,0.00,0.00]
[295430,0,0,0,0,0,0.00,0.00]
[295530,0,0,0,0,0,0.00,0.00]
[295630,0,0,0,0,0,0.00,0.00]
[295730,0,0,0,0,0,0.00,0.00]
[295830,0,0,0,0,0,0.00,0.00]
[295930,0,0,0,0,0,0.00,0.00]
[296030,0,0,0,0,0,0.00,0.00]
[296130,0,0,0,0,0,0.00,0.00]
[296230,0,0,0,0,0,0.00,0.00]
[296330,0,0,0,0,0,0.00,0.00]
[296430,0,0,0,0,0,0.00,0.00]
[296530,0,0,0,0,0,0.00,0.00]
[296630,0,0,0,0,0,0.00,0.00]
[296730,0,0,0,0,0,0.00,0.00]
[296830,0,0,0,0,0,0.00,0.00]
[296930,0,0,0,0,0,0.00,0.00]
[297030,0,0,0,0,0,0.00,0.00]
[297130,0,0,0,0,0,0.00,0.00]
[297230,0,0,0,0,0,0.00,0.00]
[297330,0,0,0,0,0,0.00,0.00]
[297430,0,0,0,0,0,0.00,0.00]
[297530,0,0,0,0,0,0.00,0.00]
[297630,0,0,0,0,0,0.00,0.00]
[297730,0,0,0,0,0,0.00,0.00]
[297830,0,0,0,0,0,0.00,0.00]
[297930,0,0,0,0,0,0.00,0.00]
[298030,0,0,0,0,0,0.00,0.00]
[298130,0,0,0,0,0,0.00,0.00]
[298230,0,0,0,0,0,0.00,0.00]
[298330,0,0,0,0,0,0.00,0.00]
[298430,0,0,0,0,0,0.00,0.00]
[298530,0,0,0,0,0,0.00,0.00]
[298630,0,0,0,0,0,0.00,0.00]
[298730,0,0,0,0,0,0.00,0.00]
[298830,0,0,0,0,0,0.00,0.00]
