[23692,31,22,231,4,145,285,0.01,-0.01]
[23702,16,-16,22,-72,1,-83,0.02,0.01]
[23712,33,30,-3,8,221,289,-0.00,-0.01]
[23722,6,11,-270,60,21,201,0.02,0.00]
[23732,4,31,37,-8,1,5,0.31,-0.20]
[23742,2,16,-8,64,49,61,0.01,-0.01]
[23752,-1,-3,10,-16,-243,1,-0.00,0.00]
[23762,6,3,-249,4,-31,-19,0.00,0.02]
[23772,19,-5,-31,-40,9,-143,0.03,0.02]
[23782,17,-16,1,28,5,37,0.01,-0.00]
[23792,-9,15,-4,16,17,-7,-0.09,-0.10]
[23802,21,-18,-15,12,-3,-107,0.83,-0.49]
[23812,2,-20,12,-52,-19,-63,-0.00,0.00]
[23822,9,-10,13,28,-15,-195,0.01,-0.00]
[23832,-11,-5,29,224,-7,33,-0.06,0.02]
[23842,6,10,220,40,21,77,-0.03,0.00]
[23852,15,-6,3,12,21,-47,0.05,0.00]
[23862,283,20,-9,-20,-87,53,-0.02,-0.01]
[23872,24,1,-28,-8,1,285,-0.02,0.01]
[23882,281,-10,229,220,-255,-59,0.03,0.01]
[23892,7,14,-276,32,49,-47,-0.62,-0.29]
[23902,1,19,231,48,1,233,-0.08,0.04]
[23912,13,7,13,16,69,-7,0.02,-0.01]
[23922,-7,13,2,20,33,105,-0.04,0.02]
[23932,6,6,-1,-4,-7,33,-0.01,0.01]
[23942,7,15,8,40,-11,45,-0.02,0.00]
[23952,9,6,12,8,5,-71,0.01,-0.01]
[23962,17,14,234,0,-55,57,-0.00,0.01]
[23972,-220,-6,14,16,-219,-179,-0.13,0.16]
[23982,1,3,28,52,-35,13,-0.05,0.00]
[23992,1,3,28,52,-35,13,-0.01,0.10]
[24003,4,-3,26,28,33,121,0.19,0.00]
[24012,-8,15,22,4,237,-11,0.00,0.01]
[24022,2,11,12,44,-11,-11,-0.00,0.00]
[24032,-6,21,8,12,33,-87,0.01,0.01]
[24042,26,20,28,16,45,277,-0.00,-0.02]
[24052,-2,25,-6,28,1,269,0.15,0.00]
[24062,18,-15,-6,-16,21,149,-0.02,-0.01]
[24072,0,-29,-1,-16,29,85,-0.02,0.00]
[24082,22,-18,9,24,5,5,-0.01,0.00]
[24092,-12,4,12,24,205,5,0.30,0.01]
[24102,11,-8,-272,-32,229,-51,0.06,-0.02]
[24112,8,-22,-15,-68,-67,61,0.04,-0.00]
[24122,1,-12,4,44,-27,217,-0.00,-0.00]
[24132,40,-27,-9,-28,-7,65,-0.06,0.02]
[24142,38,38,-16,52,-27,-219,0.03,-0.01]
[24152,54,7,19,-264,-63,-67,0.48,-0.01]
[24162,33,-12,-9,12,37,61,-0.01,-0.01]
[24172,4,9,41,8,-39,-19,-0.02,0.01]
[24182,-213,-10,19,-28,45,-39,-0.01,-0.01]
[24192,-213,-10,19,-28,45,-39,-0.02,-0.09]
[24204,-2,2,20,8,245,89,-0.00,0.00]
[24212,16,-15,-38,-48,-3,-195,-0.02,-0.00]
[24222,-8,10,-18,0,45,-103,0.01,0.01]
[24232,2,-35,27,20,-27,-3,0.03,0.00]
[24242,-3,-24,17,-52,29,-203,-0.05,0.02]
[24252,-20,-4,7,-8,37,-23,0.02,0.02]
[24262,9,-15,-267,-64,229,-211,-0.00,-0.03]
[24272,27,7,20,12,17,41,-0.02,0.00]
[24282,12,4,-1,-84,-31,-83,0.03,-0.00]
[24292,-4,-1,-30,4,-23,81,0.63,-0.03]
[24302,-222,22,-17,-16,-39,121,-0.00,0.00]
[24312,-7,2,2,32,9,-3,-0.01,-0.02]
[24322,14,-4,-276,-8,-31,-43,0.02,-0.01]
[24332,-214,-38,25,-16,17,21,-0.00,-0.00]
[24342,3,-21,11,-20,1,-51,0.01,-0.00]
[24352,55,1,-272,8,13,-207,0.22,-0.12]
[24362,13,14,30,-8,-67,101,-0.01,-0.01]
[24372,14,-2,-9,52,-51,29,-0.02,0.00]
[24382,-6,50,11,-60,-243,-39,-0.00,0.00]
[24392,-6,50,11,-60,-243,-39,0.02,-0.04]
[24402,-13,21,29,-24,-87,13,-0.02,0.00]
[24412,-4,-5,-14,32,-239,-71,-0.02,0.01]
[24422,5,-19,5,4,-31,-47,-0.01,-0.00]
[24432,-221,-12,9,-252,-7,41,-0.05,0.01]
[24442,13,-21,12,60,-27,-135,-0.02,-0.00]
[24452,-22,-20,3,-260,-31,129,0.04,0.01]
[24462,5,13,19,16,-19,-27,-0.00,-0.00]
[24472,-16,-8,15,196,-27,-83,-0.02,-0.01]
[24482,9,-12,-1,24,-255,-195,-0.03,0.01]
[24492,9,-12,-1,24,-255,-195,-0.36,0.02]
[24504,-7,-25,230,-8,29,109,-0.07,0.02]
[24512,16,18,-7,32,-19,-79,0.01,-0.01]
[24522,22,-5,2,196,-43,-11,0.02,-0.00]
[24532,-3,35,20,36,-7,-63,-0.00,0.00]
[24542,27,-11,13,28,-7,53,-0.06,-0.01]
[24552,-18,-10,-34,40,53,-39,-0.33,0.08]
[24562,4,-15,-23,4,-27,29,0.01,0.01]
[24572,-2,-11,27,36,29,-7,0.00,-0.01]
[24582,20,6,25,-48,221,-67,-0.01,0.01]
[24592,5,7,6,44,-7,-91,-0.58,-0.03]
[24603,19,-14,3,208,-27,197,-0.00,-0.00]
[24612,37,-1,15,-8,-263,89,-0.01,-0.00]
[24622,13,14,234,44,-99,-79,-0.00,-0.01]
[24632,12,42,41,52,-235,-199,0.01,0.00]
[24642,17,-14,-266,44,73,-43,0.00,-0.02]
[24652,10,21,-1,48,-19,73,0.16,-0.01]
[24662,-4,-21,17,76,-3,69,-0.01,-0.00]
[24672,10,2,4,20,201,-111,0.00,-0.00]
[24682,21,-10,9,-76,-123,-95,-0.01,0.00]
[24692,21,-10,9,-76,-123,-95,-0.40,0.29]
[24704,7,22,-15,-56,21,-23,0.15,-0.01]
[24712,-14,14,0,-12,-87,-83,0.02,0.00]
[24722,6,-22,18,12,29,5,-0.00,0.02]
[24732,12,11,-3,28,37,113,0.02,0.02]
[24742,30,-31,8,36,57,93,-0.01,0.00]
[24752,-4,24,-4,168,25,85,-0.01,-0.00]
[24762,26,12,-3,-264,-35,17,-0.01,0.00]
[24772,-11,-6,-25,-4,-15,-31,-0.01,-0.01]
[24782,12,4,40,48,-27,-99,0.01,-0.03]
[24792,11,7,-255,20,25,9,-0.04,0.34]
[24803,5,3,-266,24,1,253,0.04,0.01]
[24812,23,16,1,12,245,241,-0.01,-0.00]
[24822,3,13,4,-24,61,261,0.02,-0.00]
[24832,17,0,-14,20,29,49,-0.01,0.00]
[24842,-14,42,19,-4,-3,41,0.02,0.00]
[24852,56,-13,-10,-12,37,-7,0.02,-0.01]
[24862,3,-10,-273,40,73,-3,0.04,-0.01]
[24872,8,-50,0,-16,-31,289,0.19,-0.01]
[24882,15,17,7,224,13,289,0.00,-0.00]
[24892,15,17,7,224,13,289,0.01,-0.17]
[24903,12,15,-5,-44,-31,1,0.01,-0.01]
[24912,12,15,-5,-44,-31,1,-0.02,0.00]
[24922,-21,-16,29,-204,17,-43,0.00,0.01]
[24932,28,-35,232,44,41,-23,-0.00,0.00]
[24942,-9,-16,2,-4,89,81,-0.01,0.01]
[24952,-7,14,-13,-8,-15,-75,0.06,0.00]
[24962,-7,0,-44,-36,-23,25,-0.15,-0.15]
[24972,22,2,6,228,21,29,0.01,0.00]
[24982,20,-16,-12,-4,41,-55,-0.01,0.00]
[24992,3,3,1,36,49,261,-0.34,0.09]
[25004,-19,6,2,-24,53,-3,0.22,-0.02]
[25012,-34,-2,-7,228,-35,73,-0.00,0.00]
[25022,9,-15,1,224,49,-47,-0.04,-0.00]
[25032,11,21,-33,32,-79,245,0.03,-0.01]
[25042,12,10,-271,-12,33,21,-0.02,0.00]
[25052,15,4,9,212,25,81,0.01,-0.01]
[25062,-1,0,-9,-4,-27,-115,-0.05,-0.04]
[25072,-225,42,25,0,-11,53,-0.01,0.02]
[25082,43,5,48,48,-39,-19,-0.01,-0.01]
[25092,15,-20,19,48,1,-139,-0.40,-0.60]
[25103,24,-28,12,24,33,-143,0.01,0.00]
[25112,18,9,19,24,-239,-7,-0.02,0.00]
[25122,21,12,48,-12,1,21,0.01,0.00]
[25132,4,-3,1,68,13,153,0.01,-0.00]
[25142,6,12,7,36,17,13,0.03,0.01]
[25152,-12,-18,-272,-8,-27,29,0.08,0.01]
[25162,11,-19,28,4,73,-3,-0.01,0.01]
[25172,24,-10,-38,224,-23,53,-0.00,-0.00]
[25182,-224,-9,20,0,-51,-15,-0.03,-0.00]
[25192,-224,-9,20,0,-51,-15,-0.54,0.38]
[25204,9,-8,7,84,13,77,0.04,0.00]
[25212,22,-11,-5,16,-15,-63,0.00,-0.00]
[25222,-10,9,-275,24,-27,265,-0.00,-0.03]
[25232,-18,2,18,36,21,73,-0.01,0.00]
[25242,-15,4,9,-60,5,-15,0.02,0.00]
[25252,23,11,4,20,57,-15,0.03,0.01]
[25262,-9,10,3,200,-27,-67,0.01,0.00]
[25272,-13,-1,14,20,-31,65,-0.03,-0.02]
[25282,-1,-25,-34,-8,17,-79,-0.02,0.00]
[25292,18,28,-4,228,-19,-19,-0.18,0.01]
[25304,6,-38,14,-8,57,261,-0.03,0.01]
[25312,8,-20,31,-36,-223,-211,0.01,-0.01]
[25322,4,-19,0,44,13,-11,0.00,-0.00]
[25332,2,-34,-29,20,-31,53,0.05,-0.01]
[25342,2,-14,-2,52,-7,-187,-0.01,-0.00]
[25352,267,-2,-3,44,-263,21,0.00,0.01]
[25362,10,2,25,-16,-223,137,-0.00,-0.00]
[25372,-22,-1,-6,36,9,-75,-0.02,0.00]
[25382,-206,54,-13,12,17,-23,-0.01,0.00]
[25392,14,21,9,40,237,109,0.41,-0.28]
[25402,31,-37,-15,40,229,-79,-0.00,-0.01]
[25412,-16,-1,4,-52,5,-115,-0.02,0.01]
[25422,49,0,-18,-40,-15,153,-0.01,0.01]
[25432,27,11,16,-76,-19,29,-0.01,0.00]
[25442,271,18,-2,-4,41,-31,0.03,0.01]
[25452,-19,31,-265,-16,-27,97,0.02,0.02]
[25462,-4,-33,-8,220,13,49,0.02,0.01]
[25472,1,2,6,-16,-19,-19,0.09,-0.01]
[25482,15,-12,-11,-12,-43,-63,-0.00,-0.02]
[25492,8,-17,234,28,-255,113,-0.73,-0.26]
[25502,23,-12,4,-4,-7,41,0.02,0.01]
[25512,-19,20,19,8,5,13,0.00,0.00]
[25522,12,5,32,-40,9,257,0.01,0.01]
[25532,10,3,10,32,-259,-7,-0.00,-0.01]
[25542,-214,14,8,56,9,-191,0.00,-0.01]
[25552,5,6,-13,-48,-19,257,0.06,-0.03]
[25562,-224,-2,-20,84,41,69,-0.00,0.00]
[25572,5,-14,21,-8,-251,-91,-0.01,-0.01]
[25582,13,-7,25,204,29,9,0.01,0.00]
[25592,14,-23,-7,4,-251,5,-0.06,-0.13]
[25602,-217,-1,-7,0,237,-47,0.00,0.02]
[25612,-3,-3,34,48,229,157,0.01,0.00]
[25622,278,7,-5,220,13,-99,-0.03,0.00]
[25632,13,19,235,44,5,121,-0.01,-0.02]
[25642,-4,-10,-8,56,-15,289,-0.00,0.02]
[25652,21,13,28,16,-31,-83,0.00,-0.07]
[25662,14,-4,-272,-20,45,-203,-0.00,0.00]
[25672,-9,23,12,24,-35,41,0.02,0.01]
[25682,-13,23,17,64,-31,9,-0.03,0.00]
[25692,12,-4,-26,-8,5,-191,0.01,-0.02]
[25702,19,2,30,20,-219,-59,0.03,0.01]
[25712,19,2,30,20,-219,-59,0.09,-0.03]
[25722,16,9,-23,-20,-255,-55,0.02,-0.01]
[25732,-215,-8,-7,-260,33,-159,0.02,-0.01]
[25742,3,2,36,-12,89,61,0.01,0.00]
[25752,19,-34,12,-32,-23,33,-0.02,-0.00]
[25762,-15,-4,11,-240,-3,49,0.13,-0.01]
[25772,2,11,19,52,-31,33,-0.46,-0.01]
[25782,284,17,11,64,-3,25,0.01,0.08]
[25792,284,17,11,64,-3,25,-0.19,-0.29]
[25804,23,2,232,32,241,21,-0.01,-0.01]
[25812,253,-1,3,4,-7,213,-0.00,-0.01]
[25822,-224,2,-269,48,25,37,-0.01,0.00]
[25832,14,31,-40,-4,37,113,0.03,-0.01]
[25842,0,-44,-1,-8,33,-167,-0.04,-0.01]
[25852,-225,-5,21,32,-23,13,-0.06,0.00]
[25862,17,-13,14,28,-15,-19,-0.04,0.00]
[25872,26,-33,235,44,-67,1,0.15,0.01]
[25882,25,1,15,48,-71,21,0.09,-0.06]
[25892,29,0,3,48,-251,25,0.05,0.01]
[25902,6,-13,15,-280,45,53,1.64,-0.64]
[25912,-20,0,6,-20,-11,-15,0.00,0.00]
[25922,-15,9,-1,-4,-63,-203,-0.01,0.01]
[25932,-16,35,-15,-24,45,81,-0.00,0.00]
[25942,-16,-6,31,60,241,13,0.01,0.01]
[25952,18,-14,40,-60,29,53,0.00,0.00]
[25962,9,5,233,-276,-43,-35,0.39,-0.17]
[25972,10,-11,-38,16,189,-151,-0.03,0.00]
[25982,-1,-24,-38,52,21,113,0.02,-0.08]
[25992,-1,-24,-38,52,21,113,-0.46,0.03]
[26002,45,-5,2,-20,-27,-151,0.16,0.02]
[26012,45,-5,2,-20,-27,-151,-0.01,0.01]
[26022,11,12,1,-20,1,69,-0.02,0.00]
[26032,-27,-17,-17,-76,-23,5,-0.02,-0.00]
[26042,-11,-30,0,-8,41,41,0.02,-0.00]
[26052,28,17,225,224,-83,29,-0.47,0.00]
[26062,15,25,20,56,65,-15,-0.00,-0.00]
[26072,-2,1,231,0,-35,13,-0.00,0.00]
[26082,-3,-2,30,204,-31,17,-0.01,0.01]
[26092,-22,-22,-41,44,9,-215,0.06,-0.10]
[26102,19,14,12,-8,29,-31,-0.14,-0.04]
[26112,15,-1,18,36,-71,69,0.08,0.02]
[26122,20,-22,-6,12,-27,29,0.03,0.00]
[26132,8,15,-4,92,21,41,0.00,0.01]
[26142,15,4,-5,-40,5,53,-0.01,-0.02]
[26152,278,9,228,60,-11,1,0.00,-0.01]
[26162,17,-20,10,40,109,53,-0.18,-0.09]
[26172,10,34,10,4,-35,-71,-0.02,0.00]
[26182,283,-4,-26,4,-259,29,-0.12,0.11]
[26192,283,-4,-26,4,-259,29,-0.25,0.38]
[26202,18,-1,39,24,37,-131,-0.00,0.00]
[26213,12,3,-274,-80,-3,13,0.02,0.01]
[26222,2,-8,4,216,5,-7,0.01,0.00]
[26232,47,-8,0,-264,105,-15,0.01,-0.00]
[26242,-17,4,22,-28,49,-171,-0.01,0.01]
[26252,278,-4,21,-228,9,29,0.01,0.01]
[26262,-11,-1,-8,56,-91,17,-0.03,-0.00]
[26272,-10,-14,15,8,85,-27,0.00,0.00]
[26282,-12,1,-1,-12,-59,-27,-0.00,0.01]
[26293,-11,-6,-10,4,-183,-3,-0.08,0.04]
[26304,0,3,-5,32,9,-7,0.01,-0.00]
[26312,-218,22,1,-4,33,-175,0.01,-0.00]
[26322,9,-10,-3,12,49,1,-0.00,-0.00]
[26332,-224,7,-25,-20,9,-79,-0.01,0.00]
[26342,10,17,-25,-24,-7,57,0.00,-0.01]
[26352,274,-23,-267,0,57,129,0.06,0.00]
[26362,2,-16,8,-4,-27,257,0.02,-0.01]
[26372,20,-2,-6,-8,-71,-99,-0.03,0.00]
[26382,-224,15,-2,-16,21,-163,-0.03,0.00]
[26392,-224,15,-2,-16,21,-163,-0.32,0.21]
[26402,40,-5,18,0,-55,-35,0.24,0.00]
[26412,-11,30,4,-44,-35,-71,-0.00,0.01]
[26422,-26,2,14,-20,17,65,0.02,0.01]
[26432,61,-4,12,4,241,-67,0.01,0.02]
[26442,37,12,-7,8,45,1,-0.00,-0.00]
[26452,23,10,0,4,53,93,-0.05,-0.13]
[26462,-5,-10,0,12,-15,-75,-0.00,-0.01]
[26472,-7,11,-17,-12,29,-59,-0.00,-0.01]
[26482,-3,44,32,0,1,-35,0.01,-0.01]
[26492,10,16,231,-36,65,-35,-0.02,0.00]
[26502,28,-1,10,-8,245,57,-0.05,0.00]
[26512,11,16,235,12,1,97,-0.03,-0.01]
[26522,2,10,19,28,89,-3,0.01,-0.02]
[26532,26,4,229,44,-83,-95,0.03,0.00]
[26542,9,-36,-9,16,237,81,0.00,-0.00]
[26552,10,-12,16,60,-43,-95,-0.17,-0.01]
[26562,18,-13,235,216,-251,17,0.00,0.01]
[26572,1,-8,-37,-16,217,-207,0.04,0.00]
[26582,-225,-1,225,-4,-51,9,0.04,0.00]
[26592,-7,9,-255,-20,-55,109,-0.15,0.03]
[26602,-37,-7,-268,-44,-15,-7,0.02,-0.00]
[26612,1,-24,-9,-244,13,65,-0.05,-0.01]
[26622,-5,15,-11,-248,-7,25,-0.02,0.01]
[26632,10,-14,-37,28,-235,-191,-0.00,-0.03]
[26642,-4,-5,1,188,53,9,-0.02,0.02]
[26652,-5,16,3,-24,-67,-47,-0.08,0.16]
[26662,-3,-10,-267,-8,-35,69,0.03,0.02]
[26672,13,3,-10,32,-55,269,-0.03,0.01]
[26682,6,0,13,68,-15,-75,0.02,-0.00]
[26692,6,13,12,0,209,-199,-0.01,0.01]
[26702,18,12,12,64,25,-67,0.23,-0.15]
[26712,6,-21,0,36,-15,-203,0.01,-0.01]
[26722,-35,39,41,16,5,9,-0.00,0.00]
[26732,-6,4,44,0,9,-187,-0.04,0.01]
[26742,27,-12,-11,16,-23,-35,-0.02,0.00]
[26752,41,-6,-2,20,-55,-39,0.18,-0.02]
[26762,28,27,-19,8,-15,5,-0.00,0.00]
[26772,285,-16,28,-52,-55,-11,-0.00,0.01]
[26782,28,12,-18,-276,-207,21,0.01,-0.00]
[26792,28,12,-18,-276,-207,21,-0.04,0.18]
[26802,-6,9,27,-4,209,-3,-0.15,0.06]
[26812,-6,9,27,-4,209,-3,-0.00,-0.00]
[26822,39,10,6,0,-71,265,-0.02,-0.00]
[26832,0,-6,0,220,17,37,0.03,0.00]
[26842,5,-2,-255,-280,81,93,-0.00,0.00]
[26852,-16,25,8,-12,-39,97,0.02,-0.01]
[26862,-2,9,1,60,37,113,0.01,0.01]
[26872,-39,19,-19,88,65,-3,-0.01,0.00]
[26882,49,-9,-273,-12,-7,1,0.29,-0.07]
[26892,49,-9,-273,-12,-7,1,-0.40,-0.18]
[26904,10,-6,-43,-28,237,273,-0.00,0.03]
[26912,5,18,6,-44,25,-39,-0.03,0.00]
[26922,272,-6,-7,4,65,89,-0.01,0.00]
[26932,0,35,-18,-260,9,-15,-0.00,-0.00]
[26942,-13,16,8,4,-63,-27,-0.00,0.00]
[26952,32,17,-8,-8,-15,57,-0.04,0.00]
[26962,33,3,-4,52,-39,-3,0.00,0.02]
[26972,11,-15,-63,-52,49,5,0.00,-0.00]
[26982,17,-15,-1,-100,17,73,-0.00,0.01]
[26992,25,-21,17,20,17,-11,-0.13,0.00]
[27002,-8,-18,-266,220,-39,-63,1.12,-0.25]
[27012,0,20,-18,-16,53,25,0.29,0.00]
[27022,-4,21,-31,0,1,37,-0.02,-0.01]
[27032,-223,1,232,40,65,-15,0.02,0.01]
[27042,-15,-1,7,4,33,9,0.02,0.00]
[27052,21,-33,15,32,5,-19,-0.00,0.01]
[27062,19,-3,12,64,53,-207,0.02,-0.01]
[27072,-2,-5,5,-272,-47,21,-0.02,0.00]
[27082,-35,0,-13,4,-23,229,-0.00,0.00]
[27092,-220,18,6,56,33,-15,-0.25,0.37]
[27103,-13,15,-35,0,-55,-15,-0.05,0.04]
[27112,8,-4,-9,8,-263,-63,-0.01,0.00]
[27122,23,-43,-7,-24,33,41,-0.00,0.00]
[27132,284,31,-11,-20,21,277,-0.04,-0.00]
[27142,2,-7,15,36,-43,-15,0.04,0.08]
[27152,-25,-31,225,24,21,265,0.04,-0.01]
[27162,-224,-22,15,192,-51,149,0.60,-0.01]
[27172,-224,-18,-275,-272,-35,-7,-0.00,0.08]
[27182,28,45,1,-28,-55,-7,-0.03,0.00]
[27192,49,-17,-2,28,1,213,-0.41,0.23]
[27203,8,23,32,-32,85,113,-0.01,-0.12]
[27212,4,-25,12,-216,9,41,-0.05,0.00]
[27222,30,13,24,12,-15,-187,-0.00,-0.01]
[27232,21,-5,224,-4,-31,-155,-0.04,0.02]
[27242,-13,-3,-10,4,33,-71,-0.04,0.00]
[27252,19,-17,-1,-36,245,-23,-0.01,-0.02]
[27262,3,-4,28,-96,-19,5,-0.00,0.00]
[27272,-9,-14,-3,32,-63,-55,-0.01,0.00]
[27282,-1,-14,24,220,-51,-31,0.01,-0.00]
[27292,-1,-18,-5,-68,-47,21,0.48,-0.11]
[27303,-1,-18,-5,-68,-47,21,0.09,-0.01]
[27312,-215,-2,-10,-8,237,-79,0.02,-0.00]
[27322,-11,5,10,-24,33,49,0.06,0.01]
[27332,-4,8,-8,24,81,37,0.03,0.00]
[27342,-2,12,7,40,-55,-19,-0.04,0.01]
[27352,280,19,8,8,25,69,0.02,-0.01]
[27362,37,9,11,12,9,-99,-0.00,-0.00]
[27372,-3,-23,35,-20,-7,-211,-0.02,0.00]
[27382,-5,9,2,-24,-95,-107,-0.00,0.02]
[27392,6,63,37,-8,45,-27,-0.31,0.09]
[27403,-17,-6,2,20,17,-23,-0.03,-0.01]
[27412,7,-27,-4,-216,25,9,-0.01,0.00]
[27422,18,6,-11,-16,-59,13,-0.01,-0.01]
[27432,-5,-17,-22,20,13,-207,-0.01,0.00]
[27442,23,-9,16,196,-55,53,-0.02,-0.01]
[27452,14,-31,-3,20,-7,101,0.00,-0.01]
[27462,3,-19,-15,-16,29,-215,0.00,0.00]
[27472,13,-25,39,40,-71,9,-0.03,-0.02]
[27482,-14,10,20,-20,5,17,0.02,-0.00]
[27492,-14,10,20,-20,5,17,-0.24,-0.08]
[27503,-4,-4,4,12,13,-211,0.00,-0.00]
[27512,10,-19,-4,-16,-19,-63,-0.07,-0.00]
[27522,24,5,13,20,85,-19,-0.00,0.00]
[27532,0,-23,235,32,-7,-219,-0.02,0.00]
[27542,11,-12,-11,28,37,29,0.03,-0.01]
[27552,-2,3,227,-48,-27,-11,-0.02,-0.00]
[27562,18,25,-8,24,-235,-3,0.00,-0.01]
[27572,36,18,-273,44,17,117,-0.00,0.00]
[27582,273,4,-23,200,-7,17,0.00,0.00]
[27592,-15,5,-12,8,169,-7,-0.04,0.01]
[27602,46,-6,-14,208,13,33,0.01,-0.02]
[27612,-2,-11,-17,-36,245,5,0.03,0.00]
[27622,-23,23,-11,-4,213,-19,-0.06,0.01]
[27632,18,-31,36,208,49,41,0.01,0.01]
[27642,5,-30,23,36,-7,21,-0.00,-0.00]
[27652,-17,27,31,40,41,73,0.45,-0.04]
[27662,11,-4,-12,48,-27,-3,-0.03,0.00]
[27672,11,-11,-20,192,217,-87,0.02,0.00]
[27682,-224,28,19,8,21,-167,-0.00,0.01]
[27692,-224,28,19,8,21,-167,-0.09,0.02]
[27702,-1,5,8,0,-39,-27,1.44,0.00]
[27712,8,4,-10,-24,-15,49,0.02,-0.03]
[27722,-3,-3,214,-272,21,133,-0.01,0.01]
[27732,-5,14,3,44,229,37,-0.03,0.00]
[27742,42,30,32,-28,25,-163,-0.01,-0.01]
[27752,14,-14,-251,16,53,285,-0.00,0.01]
[27762,3,12,233,-24,-23,-43,0.31,-0.14]
[27772,22,-6,-6,-72,-23,105,0.00,0.00]
[27782,-222,14,-276,-44,-39,29,-0.02,0.00]
[27793,-16,8,210,-40,49,213,0.20,-0.02]
[27806,-12,17,11,68,-23,-55,0.07,0.01]
[27812,-26,2,-5,-56,-19,-39,0.04,0.00]
[27822,4,-19,5,44,57,-83,0.03,0.00]
[27832,13,11,25,44,229,-163,-0.00,0.00]
[27842,5,-9,21,8,-39,-15,0.05,-0.02]
[27852,-11,7,-11,12,-71,17,-0.02,0.02]
[27862,11,13,12,56,-35,-11,0.03,-0.01]
[27872,-22,15,6,220,-23,-71,0.01,-0.02]
[27882,17,1,-14,-20,-255,-35,0.05,0.00]
[27892,17,1,-14,-20,-255,-35,0.02,0.02]
[27902,-5,-25,30,-16,-251,285,0.06,-0.02]
[27912,14,15,17,-8,9,-107,-0.00,-0.01]
[27922,-2,-14,-9,24,37,285,0.02,-0.00]
[27932,-15,4,3,48,-75,65,-0.00,-0.01]
[27942,-9,25,-16,52,-243,89,-0.01,-0.01]
[27952,-7,-6,229,4,17,101,0.53,-0.22]
[27962,20,0,-18,8,-55,13,0.03,-0.01]
[27972,2,-9,3,-68,-31,-159,-0.00,0.00]
[27982,8,-23,4,-20,-43,21,-0.00,0.00]
[27992,15,-6,13,32,-59,-99,0.55,-0.06]
[28003,23,-6,233,44,77,1,0.14,-0.00]
[28012,-15,4,-7,52,217,57,-0.01,0.00]
[28022,0,21,14,32,-19,29,0.03,-0.00]
[28032,23,11,-254,24,41,-35,-0.00,-0.02]
[28042,-9,-11,-7,8,45,45,-0.00,-0.00]
[28052,275,-14,47,0,5,17,-0.57,0.10]
[28062,285,28,-19,-236,5,93,0.01,0.01]
[28072,16,16,7,8,-95,-99,-0.01,0.00]
[28082,14,26,232,12,241,-59,-0.00,-0.00]
[28093,14,26,232,12,241,-59,-0.04,-0.03]
[28103,28,28,12,60,-63,237,-0.00,-0.00]
[28112,2,-6,-41,-16,5,-11,-0.00,0.00]
[28122,-19,31,-2,64,-199,25,0.00,-0.02]
[28132,-2,11,-29,28,25,-27,-0.02,-0.01]
[28142,23,-19,-13,-272,17,-23,0.05,0.01]
[28152,-1,-9,-3,-32,117,13,-0.01,0.00]
[28162,26,-18,13,-276,-31,9,-0.01,-0.01]
[28172,21,3,-12,-36,13,-203,-0.03,-0.01]
[28182,5,-5,6,16,9,1,-0.02,0.01]
[28192,-225,-4,11,-16,-215,53,0.66,-0.31]
[28202,-7,17,9,16,9,129,-0.00,0.01]
[28212,4,15,17,72,-19,-187,0.01,0.00]
[28222,-220,12,12,44,-35,49,0.01,0.00]
[28232,32,28,-20,-12,-263,25,0.02,0.00]
[28242,-4,11,-10,40,5,-27,0.02,0.01]
[28252,-6,-37,3,72,241,-59,0.36,-0.22]
[28262,23,-1,1,-16,1,-47,-0.03,0.01]
[28272,20,24,-11,-260,5,-51,-0.02,-0.01]
[28282,22,6,13,-24,57,37,-0.01,0.00]
[28292,-19,-21,19,-272,-3,-91,-0.03,0.06]
[28304,17,8,-5,4,201,-43,-0.05,0.01]
[28312,19,3,-10,72,225,-55,-0.01,-0.00]
[28322,16,20,1,32,-15,41,-0.01,0.00]
[28332,14,24,4,-20,-255,-11,-0.03,0.01]
[28342,6,-30,227,52,-75,53,0.01,0.00]
[28352,-1,19,9,-40,9,25,-0.04,0.00]
[28362,17,-4,21,-56,-27,-23,0.03,-0.00]
[28372,19,-5,-8,64,29,-43,-0.01,-0.00]
[28382,-10,-8,36,8,21,41,-0.01,0.00]
[28392,-222,-8,-14,-28,-259,241,0.04,-0.36]
[28402,5,-19,-15,24,45,13,-0.02,0.00]
[28412,270,-3,-5,0,-99,17,0.01,0.00]
[28422,-10,34,31,-12,-19,5,-0.03,-0.00]
[28432,9,9,27,20,245,-103,-0.02,-0.02]
[28442,9,-13,19,4,33,113,0.08,-0.01]
[28452,26,-32,14,-20,33,-35,0.01,0.00]
[28462,2,-19,-5,24,-263,-19,-0.01,-0.01]
[28472,-6,13,231,44,37,21,-0.00,0.00]
[28482,24,-8,19,220,241,-47,-0.00,0.02]
[28492,-5,-4,-258,12,85,-59,-0.03,-0.02]
[28502,22,17,0,12,181,29,0.07,-0.00]
[28512,9,21,27,8,41,-27,-0.02,-0.00]
[28522,13,-19,228,0,-79,-39,-0.01,-0.01]
[28532,35,0,18,-24,1,77,-0.04,0.00]
[28544,16,-19,234,16,1,113,-0.01,0.03]
[28552,35,-2,-16,16,241,117,-0.02,-0.01]
[28562,1,32,16,20,-59,-3,-0.01,0.00]
[28572,274,9,2,28,-91,69,0.01,0.00]
[28582,-8,-10,-14,-28,-243,77,-0.02,0.00]
[28592,-8,-10,-14,-28,-243,77,0.04,0.00]
[28602,3,-11,0,172,-31,-111,-0.00,-0.01]
[28612,-5,4,1,24,-215,69,0.15,-0.10]
[28622,45,-27,-7,-12,-223,45,0.01,-0.01]
[28632,11,9,-18,0,57,-151,0.03,-0.01]
[28642,36,-28,11,40,-35,33,0.02,0.01]
[28652,28,-30,2,64,-223,-67,-0.02,0.01]
[28662,-213,-26,6,0,-259,37,-0.19,0.13]
[28672,36,25,8,-36,-55,13,0.02,0.01]
[28682,262,22,-3,-36,-15,41,-0.00,0.00]
[28692,17,29,12,-64,29,109,0.01,-0.04]
[28702,-1,-4,11,-84,205,-27,0.10,-0.02]
[28712,-1,-4,11,-84,205,-27,0.04,-0.01]
[28722,7,31,17,36,45,-43,-0.00,0.00]
[28732,8,3,2,4,9,-15,0.02,-0.00]
[28742,46,-16,-42,-40,241,-43,0.00,-0.07]
[28752,13,-6,0,-52,-27,-7,-0.03,-0.00]
[28762,11,0,0,-280,85,53,-0.01,0.01]
[28772,-3,10,24,12,241,-31,-0.00,-0.01]
[28782,1,-17,-4,216,-263,-15,-0.06,-0.00]
[28792,19,24,2,72,-59,285,0.17,-0.12]
[28805,28,11,10,-16,-23,-3,0.03,-0.03]
[28812,16,14,23,16,225,-91,0.04,0.01]
[28822,69,-37,-253,36,-3,-27,0.04,0.01]
[28832,270,4,-2,-24,53,-67,-0.03,0.01]
[28842,15,-14,18,28,25,89,0.01,0.00]
[28852,35,-23,-2,52,-231,101,0.06,-0.17]
[28862,-14,-14,-15,-276,-23,-123,0.02,0.00]
[28872,3,-21,46,-52,-3,-147,0.01,0.00]
[28882,-4,12,4,48,-39,-67,-0.02,0.00]
[28892,8,-13,1,72,-255,-39,-0.09,-0.05]
[28905,11,-37,-1,-32,45,-23,0.10,-0.01]
[28912,15,17,-20,-8,233,5,0.00,-0.00]
[28922,13,0,6,-20,25,-35,0.01,0.00]
[28932,24,-1,-13,-12,-19,81,-0.01,0.01]
[28942,-14,5,-18,-48,21,53,-0.00,-0.00]
[28952,13,-5,19,12,-27,-19,-0.15,0.01]
[28962,2,-25,34,28,37,73,0.03,-0.01]
[28972,-219,6,33,32,-3,-79,0.00,0.01]
[28982,-207,-17,-1,36,-55,29,-0.00,0.00]
[28992,-207,-17,-1,36,-55,29,0.10,-0.17]
[29002,-11,2,4,16,-63,37,-0.00,0.01]
[29012,19,-5,8,176,-63,41,0.01,0.00]
[29022,27,3,5,-16,1,-19,-0.02,0.01]
[29032,67,9,-3,20,45,5,-0.02,0.00]
[29043,-226,6,-28,4,-27,121,0.02,0.00]
[29052,-24,-15,4,-36,-43,85,0.02,-0.01]
[29062,9,32,-17,-28,-3,241,0.02,0.00]
[29072,280,4,29,0,-263,-87,0.01,-0.01]
[29082,-6,-15,-12,40,-119,21,-0.01,0.00]
[29093,51,17,5,12,-11,-31,-0.49,0.11]
[29102,-9,1,-2,52,9,-107,-0.02,-0.02]
[29112,46,0,33,12,233,-11,0.02,0.00]
[29122,11,-8,12,0,225,-3,-0.05,0.01]
[29132,-6,8,11,-8,-23,213,-0.05,0.00]
[29142,17,-27,17,4,49,45,-0.03,-0.08]
[29152,-30,-18,-257,-28,1,229,0.08,-0.01]
[29162,7,44,-3,4,-19,29,-0.00,-0.00]
[29172,12,-4,-13,28,1,-91,-0.02,0.00]
[29182,-11,-18,28,-60,-7,13,-0.03,0.00]
[29192,-12,-29,48,-52,-55,-39,0.04,0.00]
[29202,12,19,-274,-4,233,-43,0.05,-0.00]
[29212,6,13,-13,44,-43,1,-0.00,0.01]
[29222,7,-7,5,4,105,25,-0.03,0.01]
[29232,11,-3,7,40,5,153,-0.01,0.00]
[29242,31,-5,-20,-40,225,41,-0.00,0.01]
[29252,2,25,-19,12,57,65,0.04,0.02]
[29262,14,13,225,-68,-11,21,0.50,-0.15]
[29272,0,32,14,200,-27,-7,0.01,0.00]
[29282,6,18,30,32,-19,-43,0.01,0.00]
[29292,7,12,10,20,33,-119,-0.37,-0.14]
[29302,1,11,22,-272,-51,49,-0.03,0.01]
[29312,5,5,-1,28,-11,73,-0.01,0.01]
[29322,11,-5,-6,-280,-251,265,0.03,0.00]
[29332,21,-22,14,24,29,-43,0.01,0.01]
[29342,-25,3,-39,16,-35,73,0.00,-0.00]
[29352,22,-30,4,-20,41,-19,-0.00,-0.02]
[29362,20,9,14,-12,9,-3,0.40,-0.18]
[29372,18,21,4,20,65,-35,-0.02,0.01]
[29382,-220,-12,35,-44,37,-67,0.04,0.01]
[29392,15,-12,-15,28,65,5,0.02,0.03]
[29405,-18,-35,-21,-52,13,-203,-0.04,0.01]
[29412,17,13,9,-12,-67,257,0.03,0.01]
[29422,3,2,57,-272,21,57,0.01,-0.02]
[29432,39,10,-43,12,245,289,-0.00,0.01]
[29442,46,-22,1,12,-15,45,-0.00,-0.00]
[29452,15,17,-15,-20,237,-115,1.04,-0.08]
[29462,-18,-21,32,20,9,-3,-0.01,0.00]
[29472,1,0,-256,-8,-75,-99,0.03,-0.01]
[29482,32,-5,36,12,-43,129,-0.02,-0.00]
[29492,32,-5,36,12,-43,129,0.04,-0.16]
[29502,11,3,24,24,1,245,0.04,-0.01]
[29512,-3,-21,30,28,1,5,-0.03,0.00]
[29522,14,-9,230,24,5,65,0.03,0.00]
[29532,285,23,212,36,49,69,0.04,0.01]
[29542,-2,-10,-11,32,-23,-11,0.03,-0.00]
[29552,-220,-16,23,4,9,169,0.01,0.00]
[29562,22,-10,-269,-20,245,-123,0.02,-0.01]
[29572,-9,13,-7,-4,-31,77,-0.03,0.00]
[29582,4,12,25,-40,-59,-59,-0.01,-0.00]
[29592,16,5,-257,24,-55,-51,-0.49,0.28]
[29602,-15,-25,232,16,33,17,0.01,-0.00]
[29612,-41,0,24,-252,-223,37,-0.01,0.01]
[29622,2,-14,24,16,37,233,0.01,-0.01]
[29632,-225,-10,8,224,-31,-19,0.04,0.02]
[29642,-20,-2,-25,32,9,49,0.01,0.00]
[29652,8,-20,24,8,73,-55,-0.01,-0.00]
[29662,2,-18,6,32,-259,285,-0.28,0.16]
[29672,29,-15,-5,8,53,-31,0.27,-0.04]
[29682,-38,16,10,-28,-27,-95,0.00,0.01]
[29692,-1,-13,4,-4,65,-43,0.16,-0.00]
[29702,20,10,6,208,37,77,0.03,0.01]
[29712,0,12,1,4,-11,17,-0.04,-0.02]
[29722,62,0,-8,12,65,-87,-0.03,0.00]
[29732,0,18,7,-20,77,269,-0.02,0.00]
[29742,12,-6,18,12,205,-71,0.03,-0.00]
[29752,7,1,31,0,241,-31,0.01,0.01]
[29762,24,24,16,32,-23,85,0.00,0.00]
[29772,3,18,-2,224,-55,-203,0.25,-0.13]
[29782,5,-13,43,-20,-47,37,-0.00,0.00]
[29793,5,-13,43,-20,-47,37,0.37,-0.05]
[29802,-3,-8,-26,68,-39,-55,0.01,-0.01]
[29812,15,28,25,-56,-7,285,-0.04,0.01]
[29822,-5,-2,1,20,53,-219,-0.00,0.00]
[29832,26,-1,19,-28,-27,-211,0.01,0.01]
[29842,11,20,19,184,205,73,0.01,0.01]
[29852,10,-27,3,16,-43,281,0.02,-0.11]
[29862,20,-2,-12,44,-19,-55,0.01,-0.00]
[29872,-5,23,28,-12,-79,-107,-0.01,-0.00]
[29882,2,7,4,-264,13,13,-0.00,-0.01]
[29892,13,33,23,16,29,-11,0.02,0.09]
[29904,-3,-1,235,228,-15,-99,0.06,-0.00]
[29912,6,1,34,-32,-19,1,-0.00,-0.00]
[29922,1,2,17,-4,29,85,0.00,-0.00]
[29932,19,0,5,-64,-35,-79,-0.01,0.00]
[29942,27,-7,52,36,-31,5,0.01,0.01]
[29952,1,-27,18,-24,13,89,0.00,0.00]
[29962,9,9,-15,0,1,-19,-0.25,0.03]
[29972,24,16,-15,-16,-59,-43,0.01,-0.01]
[29982,7,8,2,-32,-39,-23,0.00,0.00]
[29992,6,-35,-270,0,-35,-203,0.20,-0.13]
[30003,-24,45,235,24,-43,17,0.02,-0.01]
[30012,-222,0,11,-52,-263,-195,0.04,-0.02]
[30022,16,12,18,44,-7,17,-0.01,0.00]
[30032,11,18,11,-36,-11,105,-0.02,0.00]
[30042,-5,-5,20,52,69,-31,0.02,0.00]
[30052,20,-3,14,-12,13,245,0.00,0.00]
[30062,282,10,-8,-48,-239,29,0.03,-0.00]
[30072,-25,-35,-10,40,-43,-79,-0.06,0.00]
[30082,6,8,6,-4,-43,77,-0.01,-0.01]
[30093,274,-14,-38,4,29,117,-0.10,0.04]
[30102,-1,11,-10,32,49,209,-0.00,-0.01]
[30112,43,2,2,40,233,-79,-0.01,-0.02]
[30122,17,-8,27,-4,29,61,0.02,0.00]
[30132,1,4,23,224,13,41,0.00,-0.00]
[30142,5,-8,9,-28,-223,277,-0.03,-0.00]
[30152,6,16,-4,-4,13,37,0.02,-0.00]
[30162,3,21,10,-96,217,101,-0.00,-0.01]
[30172,29,-18,-263,132,1,149,-0.01,-0.01]
[30182,-20,-20,-19,-272,-239,269,0.45,-0.04]
[30192,0,30,-19,-36,233,33,-0.01,0.00]
[30202,-33,9,20,-8,-7,61,-0.15,0.29]
[30212,282,12,-21,228,-79,-23,-0.00,0.08]
[30222,23,25,7,12,9,21,-0.01,-0.01]
[30232,276,40,6,28,-243,-27,-0.02,0.01]
[30242,29,10,4,28,-47,105,0.03,-0.02]
[30252,16,-17,-5,-28,241,-39,-0.01,0.01]
[30262,13,-4,-276,16,5,-35,-0.04,-0.00]
[30272,-4,-3,-3,-12,-119,-23,0.31,-0.00]
[30282,11,13,-264,-68,-43,-99,-0.01,0.02]
[30293,11,13,-264,-68,-43,-99,-0.39,0.04]
[30302,-14,-7,23,-244,-15,69,0.02,0.02]
[30312,-4,-2,3,0,49,-219,0.00,-0.02]
[30322,-9,1,-4,44,13,1,0.02,0.00]
[30332,274,6,40,96,53,9,-0.00,0.00]
[30342,8,31,-26,-52,-67,-215,-0.01,-0.00]
[30352,1,14,28,28,37,53,0.32,-0.10]
[30362,40,18,-46,-12,-23,169,-0.00,-0.01]
[30372,-225,18,21,28,-231,97,0.01,0.01]
[30382,-226,-15,-14,24,-47,-63,-0.00,0.01]
[30392,15,17,-1,-4,81,-71,0.00,0.00]
[30402,-7,10,234,20,33,41,-0.00,-0.01]
[30412,-218,32,-2,24,9,-75,0.09,-0.04]
[30422,19,39,-36,8,241,1,-0.03,-0.00]
[30432,12,26,13,8,-15,-43,-0.01,-0.01]
[30442,-23,-22,-265,56,45,-19,-0.00,-0.00]
[30452,-7,-6,5,88,-39,-27,0.01,-0.00]
[30462,13,13,-11,64,-11,9,0.54,-0.10]
[30472,21,-21,-255,24,37,13,0.01,0.00]
[30482,-5,-14,-13,76,-47,-27,-0.51,73.15]
[30492,-27,-15,8,24,-71,-131,-0.46,0.22]
[30502,-11,26,233,-64,-231,45,0.72,-0.45]
[30512,17,8,10,-36,-15,281,-0.19,-0.01]
[30522,-219,10,225,16,-87,1,-0.02,0.00]
[30532,3,18,-13,-12,-39,65,0.03,-0.01]
[30542,-3,6,19,44,25,17,0.01,-0.01]
[30552,22,19,8,-84,-7,-75,-0.01,0.01]
[30562,-222,19,5,20,-75,37,-0.01,0.00]
[30572,-10,-7,-12,-60,-35,-3,0.01,0.00]
[30582,18,16,-263,64,-31,-27,-0.03,-0.01]
[30592,18,33,43,24,29,-179,-0.60,0.06]
[30602,-11,13,10,-272,5,25,0.05,-0.01]
[30612,27,30,-32,76,-15,-3,0.04,-0.00]
[30622,-10,16,-25,224,-3,37,0.03,0.00]
[30632,34,-11,-14,16,-63,-11,-0.00,-0.01]
[30642,11,-21,2,20,-27,49,0.04,-0.01]
[30652,280,2,10,0,-63,97,-0.03,0.01]
[30662,-5,20,-13,16,-7,201,-0.03,0.00]
[30672,10,27,30,0,-51,81,0.01,0.00]
[30682,0,14,-1,24,-39,-115,-0.02,-0.01]
[30692,-29,-14,27,28,-11,-75,-0.01,0.01]
[30702,7,15,4,56,17,-11,-0.18,0.03]
[30712,2,11,14,20,-263,281,-0.01,0.00]
[30722,277,-30,0,44,9,-107,0.00,0.01]
[30732,-222,-5,-1,20,-55,81,0.02,0.02]
[30742,8,13,-28,0,-3,-43,0.00,-0.02]
[30752,-9,7,-9,-16,37,1,-0.18,0.01]
[30762,281,1,-29,-12,237,-91,-0.04,0.01]
[30772,-31,-15,6,-4,-43,141,-0.01,0.01]
[30782,13,-14,36,24,21,-215,-0.01,0.00]
[30792,13,-14,36,24,21,-215,-0.10,-0.23]
[30802,36,8,12,-8,-23,29,-0.03,-0.00]
[30812,36,8,12,-8,-23,29,0.00,-0.00]
[30822,12,24,39,24,-263,105,0.01,0.00]
[30832,25,-2,-260,-68,-263,81,0.00,0.00]
[30842,25,-16,10,-4,-7,-19,-0.02,-0.01]
[30852,39,-15,3,28,-111,-91,-0.18,0.02]
[30862,4,-23,-9,-40,-23,21,-0.01,0.01]
[30872,3,11,33,-8,1,21,-0.01,0.00]
[30882,20,-8,-10,-40,1,9,-0.03,0.00]
[30892,21,2,28,-68,209,25,-0.40,0.14]
[30905,-13,16,19,188,-51,-23,-0.06,-0.00]
[30912,6,18,-10,36,-63,49,-0.01,0.00]
[30922,-17,-3,-13,52,-259,85,0.01,-0.01]
[30932,15,-6,-5,-8,25,101,0.02,0.01]
[30942,11,5,17,-244,61,-91,-0.01,0.01]
[30952,-12,16,1,56,-23,41,-0.02,-0.01]
[30962,-224,6,-4,-12,1,77,-0.03,0.00]
[30972,33,16,-11,16,-55,-3,0.13,-0.03]
[30982,13,-16,-4,-60,-55,-71,0.01,-0.02]
[30992,8,1,-9,-4,-263,-31,0.16,-0.04]
[31002,5,-4,-2,-40,-43,73,-0.13,0.54]
[31015,10,35,18,-8,-11,-215,0.02,0.01]
[31022,16,-10,5,-16,-63,-127,0.02,0.00]
[31032,22,-15,20,-56,49,29,-0.00,0.09]
[31043,-39,11,22,8,33,53,-0.02,-0.01]
[31052,12,-10,33,-232,61,-59,-0.00,0.00]
[31062,4,8,-1,0,-203,93,0.01,-0.01]
[31072,15,-9,-5,-64,-31,-23,0.00,-0.00]
[31082,31,-30,230,12,-75,97,0.00,0.00]
[31092,31,-30,230,12,-75,97,0.58,-0.24]
[31103,-6,-24,-32,-232,41,173,0.02,-0.01]
[31112,18,1,5,-32,-71,-15,-0.00,0.00]
[31122,-30,-1,4,36,-39,33,-0.01,-0.00]
[31132,2,-11,23,12,1,261,-0.03,-0.00]
[31142,16,-14,32,-8,241,49,0.06,-0.02]
[31152,28,6,3,-24,-219,81,0.00,0.01]
[31162,15,7,2,24,-15,-43,-0.03,-0.01]
[31172,15,-12,3,-60,-63,-27,0.03,-0.00]
[31182,-5,13,8,-12,229,-35,0.01,0.01]
[31192,-25,-5,-8,0,233,229,-0.21,0.02]
[31205,16,-10,-6,-20,33,-199,-0.02,0.01]
[31212,25,13,25,-180,-7,257,-0.01,-0.02]
[31222,8,-15,5,12,77,65,0.04,-0.02]
[31232,-21,40,-6,12,85,-39,0.02,-0.09]
[31242,18,-14,-2,-12,-71,-47,0.01,-0.00]
[31252,39,21,7,-80,-15,-31,0.22,0.01]
[31262,-29,-13,4,32,13,25,-0.01,0.00]
[31272,-7,-6,7,12,-27,-39,0.01,0.02]
[31282,15,-4,-8,-4,-39,21,0.04,0.01]
[31292,-4,-5,-8,12,-43,5,0.29,0.00]
[31302,-4,-5,-8,12,-43,5,0.02,-0.01]
[31312,-5,26,-31,-16,-27,-47,-0.02,-0.00]
[31322,-207,18,-273,-16,-231,5,0.01,-0.00]
[31332,31,9,25,36,65,25,0.02,0.00]
[31342,-4,-12,-273,16,-3,57,-0.02,0.03]
[31352,18,-28,44,8,-43,-39,0.49,-0.17]
[31362,25,5,-10,-248,-91,-99,-0.03,-0.00]
[31372,5,-16,37,60,-23,33,-0.01,-0.02]
[31382,9,16,-31,-4,-3,-95,0.02,0.00]
[31392,7,-20,0,-12,45,241,-0.65,-0.21]
[31404,41,14,37,-28,25,49,-0.00,0.00]
[31412,-3,35,5,-48,-235,89,0.03,-0.01]
[31422,-2,6,13,0,-23,-207,0.01,-0.00]
[31432,275,17,20,32,65,-7,0.01,-0.01]
[31442,4,-16,5,16,9,289,-0.00,0.01]
[31452,13,19,-8,40,-63,33,0.03,-0.01]
[31462,-4,11,-20,16,-15,93,0.03,0.00]
[31472,-40,11,230,0,13,-91,-0.01,0.01]
[31482,-217,17,-5,20,-55,-39,0.03,0.01]
[31492,-217,17,-5,20,-55,-39,-0.74,0.11]
[31502,-15,19,18,12,9,-39,1.72,-0.67]
[31514,8,-7,-267,228,-27,-207,-0.00,0.01]
[31522,5,12,34,-16,29,45,0.01,0.01]
[31532,-224,-1,8,-268,29,241,0.02,-0.00]
[31542,-214,13,4,24,1,57,-0.02,0.01]
[31552,1,24,2,-4,-19,-27,-0.02,0.00]
[31562,-28,-13,-4,12,-35,9,0.01,-0.02]
[31572,20,10,11,52,-67,-3,-0.00,-0.00]
[31582,39,4,-15,8,-47,265,-0.02,0.00]
[31592,-1,11,-8,12,213,-79,0.56,-0.01]
[31604,48,10,-266,60,-15,13,-0.02,0.01]
[31612,2,14,-1,-4,-87,-155,-0.02,0.00]
[31622,22,-18,-59,-4,37,37,0.02,0.00]
[31632,-18,-11,14,-8,1,53,0.01,0.00]
[31642,-15,-13,20,12,57,-31,0.02,0.00]
[31652,17,6,-5,228,-23,17,0.03,-0.00]
[31662,10,-34,15,0,33,57,0.02,0.00]
[31672,4,3,4,-8,-43,17,-0.04,0.00]
[31682,-4,-20,-26,44,-23,-55,0.04,-0.01]
[31692,-4,-20,-26,44,-23,-55,0.00,-0.01]
[31704,11,-9,4,220,-47,-171,-0.04,0.08]
[31712,270,2,-9,16,-79,-99,0.01,0.03]
[31722,285,-7,-5,28,-3,53,-0.01,0.00]
[31732,-8,-8,-273,40,5,-35,0.00,0.00]
[31742,8,-2,-10,0,25,33,-0.01,0.02]
[31752,9,16,0,-28,33,-195,0.02,0.01]
[31762,7,-2,9,-60,53,53,0.02,-0.01]
[31772,-225,-8,15,-20,-51,121,0.01,0.00]
[31782,6,-14,16,-4,229,-63,0.01,0.02]
[31793,-15,-13,3,60,37,9,-0.16,0.10]
[31802,-15,23,-16,-12,-11,-19,0.02,-0.01]
[31812,59,-26,-1,24,-27,-119,-0.04,0.02]
[31822,7,-3,33,24,9,-47,-0.16,-0.12]
[31832,-2,-19,-17,-32,-55,-11,-0.03,-0.01]
[31842,284,-11,-5,-28,21,-27,0.02,0.00]
[31852,14,-8,12,8,-203,-3,-0.01,-0.01]
[31862,15,-4,20,60,49,9,-0.02,-0.00]
[31872,7,-14,-7,-24,-15,281,-0.03,0.03]
[31882,6,1,220,4,-79,109,0.02,0.01]
[31892,6,1,220,4,-79,109,0.01,0.01]
[31902,-32,-14,10,32,-259,-91,-0.65,0.33]
[31913,279,3,3,0,-15,197,0.35,0.11]
[31922,18,-21,10,40,-251,265,-0.03,0.03]
[31932,-8,13,-7,0,-35,-3,0.03,-0.02]
[31942,6,12,29,32,29,81,-0.01,0.01]
[31952,-6,-4,-47,212,9,-3,0.04,-0.01]
[31962,25,-2,-20,0,-31,-203,0.03,0.00]
[31972,-224,9,15,36,49,-139,-0.00,0.00]
[31982,-5,9,-3,40,-255,-3,0.19,-0.01]
[31992,6,27,-12,16,-247,261,0.17,-0.03]
[32002,1,-12,19,8,-27,37,0.01,0.00]
[32012,-226,-17,4,48,-59,173,-0.02,0.01]
[32022,4,-20,-8,-32,25,-11,-0.01,-0.01]
[32032,-10,-13,24,12,49,61,-0.02,0.00]
[32043,-14,-11,-4,-20,-55,-183,-0.01,-0.00]
[32052,12,18,21,32,-255,57,-0.00,0.02]
[32062,-2,-6,-3,40,29,-91,-0.02,-0.02]
[32072,-5,-30,12,36,1,29,0.00,0.00]
[32082,-2,-8,-4,4,-83,241,-0.00,-0.01]
