[812730,0,0,0,0,0,0.00,0.00]
[812830,0,0,0,0,0,0.00,0.00]
[812930,0,0,0,0,0,0.00,0.00]
[813030,0,0,0,0,0,0.00,0.00]
[813130,0,0,0,0,0,0.00,0.00]
[813230,0,0,0,0,0,0.00,0.00]
[813330,0,0,0,0,0,0.00,0.00]
[813430,0,0,0,0,0,0.00,0.00]
[813530,0,0,0,0,0,0.00,0.00]
[813630,0,0,0,0,0,0.00,0.00]
[813730,0,0,0,0,0,0.00,0.00]
[813830,0,0,0,0,0,0.00,0.00]
[813930,0,0,0,0,0,0.00,0.00]
[814030,0,0,0,0,0,0.00,0.00]
[814130,0,0,0,0,0,0.00,0.00]
[814230,0,0,0,0,0,0.00,0.00]
[814330,0,0,0,0,0,0.00,0.00]
[814430,0,0,0,0,0,0.00,0.00]
[814530,0,0,0,0,0,0.00,0.00]
[814630,0,0,0,0,0,0.00,0.00]
[814730,0,0,0,0,0,0.00,0.00]
[814830,0,0,0,0,0,0.00,0.00]
[814930,0,0,0,0,0,0.00,0.00]
[815030,0,0,0,0,0,0.00,0.00]
[815130,0,0,0,0,0,0.00,0.00]
[815230,0,0,0,0,0,0.00,0.00]
[815330,0,0,0,0,0,0.00,0.00]
[815430,0,0,0,0,0,0.00,0.00]
[815530,0,0,0,0,0,0.00,0.00]
[815630,0,0,0,0,0,0.00,0.00]
[815730,0,0,0,0,0,0.00,0.00]
[815830,0,0,0,0,0,0.00,0.00]
[815930,0,0,0,0,0,0.00,0.00]
[816030,0,0,0,0,0,0.00,0.00]
[816130,0,0,0,0,0,0.00,0.00]
[816230,0,0,0,0,0,0.00,0.00]
[816330,0,0,0,0,0,0.00,0.00]
[816430,0,0,0,0,0,0.00,0.00]
[816530,0,0,0,0,0,0.00,0.00]
[816630,0,0,0,0,0,0.00,0.00]
[816730,0,0,0,0,0,0.00,0.00]
[816830,0,0,0,0,0,0.00,0.00]
[816930,0,0,0,0,0,0.00,0.00]
[817030,0,0,0,0,0,0.00,0.00]
[817130,0,0,0,0,0,0.00,0.00]
[817230,0,0,0,0,0,0.00,0.00]
[817330,0,0,0,0,0,0.00,0.00]
[817430,0,0,0,0,0,0.00,0.00]
[817530,0,0,0,0,0,0.00,0.00]
[817630,0,0,0,0,0,0.00,0.00]
[817730,0,0,0,0,0,0.00,0.00]
[817830,0,0,0,0,0,0.00,0.00]
[817970,0,0,0,0,0,0.00,0.00]
[818030,0,0,0,0,0,0.00,0.00]
[818130,0,0,0,0,0,0.00,0.00]
[818230,0,0,0,0,0,0.00,0.00]
[818330,0,0,0,0,0,0.00,0.00]
[818430,0,0,0,0,0,0.00,0.00]
[818530,0,0,0,0,0,0.00,0.00]
[818630,0,0,0,0,0,0.00,0.00]
[818730,0,0,0,0,0,0.00,0.00]
[818830,0,0,0,0,0,0.00,0.00]
[818930,0,0,0,0,0,0.00,0.00]
[819030,0,0,0,0,0,0.00,0.00]
[819130,0,0,0,0,0,0.00,0.00]
[819230,0,0,0,0,0,0.00,0.00]
[819330,0,0,0,0,0,0.00,0.00]
[819430,0,0,0,0,0,0.00,0.00]
[819530,0,0,0,0,0,0.00,0.00]
[819630,0,0,0,0,0,0.00,0.00]
[819730,0,0,0,0,0,0.00,0.00]
[819840,0,0,0,0,0,0.00,0.00]
[819930,0,0,0,0,0,0.00,0.00]
[820030,0,0,0,0,0,0.00,0.00]
[820130,0,0,0,0,0,0.00,0.00]
[820230,0,0,0,0,0,0.00,0.00]
[820330,0,0,0,0,0,0.00,0.00]
[820430,0,0,0,0,0,0.00,0.00]
[820530,0,0,0,0,0,0.00,0.00]
[820630,0,0,0,0,0,0.00,0.00]
[820730,0,0,0,0,0,0.00,0.00]
[820830,0,0,0,0,0,0.00,0.00]
[820930,0,0,0,0,0,0.00,0.00]
[821030,0,0,0,0,0,0.00,0.00]
[821130,0,0,0,0,0,0.00,0.00]
[821230,0,0,0,0,0,0.00,0.00]
[821330,0,0,0,0,0,0.00,0.00]
[821430,0,0,0,0,0,0.00,0.00]
[821530,0,0,0,0,0,0.00,0.00]
[821630,0,0,0,0,0,0.00,0.00]
[821730,0,0,0,0,0,0.00,0.00]
[821830,0,0,0,0,0,0.00,0.00]
[821930,0,0,0,0,0,0.00,0.00]
[822030,0,0,0,0,0,0.00,0.00]
[822130,0,0,0,0,0,0.00,0.00]
[822230,0,0,0,0,0,0.00,0.00]
[822330,0,0,0,0,0,0.00,0.00]
[822430,0,0,0,0,0,0.00,0.00]
[822530,0,0,0,0,0,0.00,0.00]
[822630,0,0,0,0,0,0.00,0.00]
[822730,0,0,0,0,0,0.00,0.00]
[822830,0,0,0,0,0,0.00,0.00]
[822930,0,0,0,0,0,0.00,0.00]
[823030,0,0,0,0,0,0.00,0.00]
[823130,0,0,0,0,0,0.00,0.00]
[823230,0,0,0,0,0,0.00,0.00]
[823330,0,0,0,0,0,0.00,0.00]
[823430,0,0,0,0,0,0.00,0.00]
[823530,0,0,0,0,0,0.00,0.00]
[823630,0,0,0,0,0,0.00,0.00]
[823730,0,0,0,0,0,0.00,0.00]
[823830,0,0,0,0,0,0.00,0.00]
[823930,0,0,0,0,0,0.00,0.00]
[824030,0,0,0,0,0,0.00,0.00]
[824130,0,0,0,0,0,0.00,0.00]
[824230,0,0,0,0,0,0.00,0.00]
[824330,0,0,0,0,0,0.00,0.00]
[824430,0,0,0,0,0,0.00,0.00]
[824530,0,0,0,0,0,0.00,0.00]
[824630,0,0,0,0,0,0.00,0.00]
[824730,0,0,0,0,0,0.00,0.00]
[824830,0,0,0,0,0,0.00,0.00]
[824930,0,0,0,0,0,0.00,0.00]
[825030,0,0,0,0,0,0.00,0.00]
[825130,0,0,0,0,0,0.00,0.00]
[825230,0,0,0,0,0,0.00,0.00]
[825330,0,0,0,0,0,0.00,0.00]
[825440,0,0,0,0,0,0.00,0.00]
[825530,0,0,0,0,0,0.00,0.00]
[825630,0,0,0,0,0,0.00,0.00]
[825730,0,0,0,0,0,0.00,0.00]
[825830,0,0,0,0,0,0.00,0.00]
[825930,0,0,0,0,0,0.00,0.00]
[826030,0,0,0,0,0,0.00,0.00]
[826130,0,0,0,0,0,0.00,0.00]
[826230,0,0,0,0,0,0.00,0.00]
[826330,0,0,0,0,0,0.00,0.00]
[826430,0,0,0,0,0,0.00,0.00]
[826530,0,0,0,0,0,0.00,0.00]
[826630,0,0,0,0,0,0.00,0.00]
[826730,0,0,0,0,0,0.00,0.00]
[826830,0,0,0,0,0,0.00,0.00]
[826930,0,0,0,0,0,0.00,0.00]
[827030,0,0,0,0,0,0.00,0.00]
[827130,0,0,0,0,0,0.00,0.00]
[827230,0,0,0,0,0,0.00,0.00]
[827330,0,0,0,0,0,0.00,0.00]
[827430,0,0,0,0,0,0.00,0.00]
[827530,0,0,0,0,0,0.00,0.00]
[827630,0,0,0,0,0,0.00,0.00]
[827730,0,0,0,0,0,0.00,0.00]
[827830,0,0,0,0,0,0.00,0.00]
[827930,0,0,0,0,0,0.00,0.00]
[828030,0,0,0,0,0,0.00,0.00]
[828130,0,0,0,0,0,0.00,0.00]
[828230,0,0,0,0,0,0.00,0.00]
[828330,0,0,0,0,0,0.00,0.00]
[828430,0,0,0,0,0,0.00,0.00]
[828530,0,0,0,0,0,0.00,0.00]
[828630,0,0,0,0,0,0.00,0.00]
[828730,0,0,0,0,0,0.00,0.00]
[828830,0,0,0,0,0,0.00,0.00]
[828930,0,0,0,0,0,0.00,0.00]
[829030,0,0,0,0,0,0.00,0.00]
[829130,0,0,0,0,0,0.00,0.00]
[829230,0,0,0,0,0,0.00,0.00]
[829330,0,0,0,0,0,0.00,0.00]
[829430,0,0,0,0,0,0.00,0.00]
[829530,0,0,0,0,0,0.00,0.00]
[829630,0,0,0,0,0,0.00,0.00]
[829730,0,0,0,0,0,0.00,0.00]
[829830,0,0,0,0,0,0.00,0.00]
[829930,0,0,0,0,0,0.00,0.00]
[830030,0,0,0,0,0,0.00,0.00]
[830130,0,0,0,0,0,0.00,0.00]
[830230,0,0,0,0,0,0.00,0.00]
[830330,0,0,0,0,0,0.00,0.00]
[830430,0,0,0,0,0,0.00,0.00]
[830530,0,0,0,0,0,0.00,0.00]
[830630,0,0,0,0,0,0.00,0.00]
[830730,0,0,0,0,0,0.00,0.00]
[830830,0,0,0,0,0,0.00,0.00]
[830930,0,0,0,0,0,0.00,0.00]
[831030,0,0,0,0,0,0.00,0.00]
[831130,0,0,0,0,0,0.00,0.00]
[831230,0,0,0,0,0,0.00,0.00]
[831330,0,0,0,0,0,0.00,0.00]
[831430,0,0,0,0,0,0.00,0.00]
[831530,0,0,0,0,0,0.00,0.00]
[831630,0,0,0,0,0,0.00,0.00]
[831730,0,0,0,0,0,0.00,0.00]
[831830,0,0,0,0,0,0.00,0.00]
[831930,0,0,0,0,0,0.00,0.00]
[832030,0,0,0,0,0,0.00,0.00]
[832130,0,0,0,0,0,0.00,0.00]
[832230,0,0,0,0,0,0.00,0.00]
[832330,0,0,0,0,0,0.00,0.00]
[832430,0,0,0,0,0,0.00,0.00]
[832530,0,0,0,0,0,0.00,0.00]
[832630,0,0,0,0,0,0.00,0.00]
[832730,0,0,0,0,0,0.00,0.00]
[832830,0,0,0,0,0,0.00,0.00]
[832930,0,0,0,0,0,0.00,0.00]
[833030,0,0,0,0,0,0.00,0.00]
[833130,0,0,0,0,0,0.00,0.00]
[833230,0,0,0,0,0,0.00,0.00]
[833330,0,0,0,0,0,0.00,0.00]
[833430,0,0,0,0,0,0.00,0.00]
[833530,0,0,0,0,0,0.00,0.00]
[833630,0,0,0,0,0,0.00,0.00]
[833730,0,0,0,0,0,0.00,0.00]
[833830,0,0,0,0,0,0.00,0.00]
[833930,0,0,0,0,0,0.00,0.00]
[834030,0,0,0,0,0,0.00,0.00]
[834130,0,0,0,0,0,0.00,0.00]
[834230,0,0,0,0,0,0.00,0.00]
[834330,0,0,0,0,0,0.00,0.00]
[834430,0,0,0,0,0,0.00,0.00]
[834530,0,0,0,0,0,0.00,0.00]
[834630,0,0,0,0,0,0.00,0.00]
[834730,0,0,0,0,0,0.00,0.00]
[834830,0,0,0,0,0,0.00,0.00]
[834930,0,0,0,0,0,0.00,0.00]
[835030,0,0,0,0,0,0.00,0.00]
[835130,0,0,0,0,0,0.00,0.00]
[835230,0,0,0,0,0,0.00,0.00]
[835330,0,0,0,0,0,0.00,0.00]
[835430,0,0,0,0,0,0.00,0.00]
[835530,0,0,0,0,0,0.00,0.00]
[835630,0,0,0,0,0,0.00,0.00]
[835730,0,0,0,0,0,0.00,0.00]
[835830,0,0,0,0,0,0.00,0.00]
[835930,0,0,0,0,0,0.00,0.00]
[836030,0,0,0,0,0,0.00,0.00]
[836130,0,0,0,0,0,0.00,0.00]
[836230,0,0,0,0,0,0.00,0.00]
[836330,0,0,0,0,0,0.00,0.00]
[836430,0,0,0,0,0,0.00,0.00]
[836530,0,0,0,0,0,0.00,0.00]
[836630,0,0,0,0,0,0.00,0.00]
[836730,0,0,0,0,0,0.00,0.00]
[836830,0,0,0,0,0,0.00,0.00]
[836930,0,0,0,0,0,0.00,0.00]
[837030,0,0,0,0,0,0.00,0.00]
[837130,0,0,0,0,0,0.00,0.00]
[837230,0,0,0,0,0,0.00,0.00]
[837330,0,0,0,0,0,0.00,0.00]
[837430,0,0,0,0,0,0.00,0.00]
[837530,0,0,0,0,0,0.00,0.00]
[837630,0,0,0,0,0,0.00,0.00]
[837730,0,0,0,0,0,0.00,0.00]
[837830,0,0,0,0,0,0.00,0.00]
[837930,0,0,0,0,0,0.00,0.00]
[838030,0,0,0,0,0,0.00,0.00]
[838130,0,0,0,0,0,0.00,0.00]
[838230,0,0,0,0,0,0.00,0.00]
[838330,0,0,0,0,0,0.00,0.00]
[838430,0,0,0,0,0,0.00,0.00]
[838530,0,0,0,0,0,0.00,0.00]
[838630,0,0,0,0,0,0.00,0.00]
[838730,0,0,0,0,0,0.00,0.00]
[838830,0,0,0,0,0,0.00,0.00]
[838930,0,0,0,0,0,0.00,0.00]
[839030,0,0,0,0,0,0.00,0.00]
[839130,0,0,0,0,0,0.00,0.00]
[839230,0,0,0,0,0,0.00,0.00]
[839330,0,0,0,0,0,0.00,0.00]
[839430,0,0,0,0,0,0.00,0.00]
[839530,0,0,0,0,0,0.00,0.00]
[839630,0,0,0,0,0,0.00,0.00]
[839730,0,0,0,0,0,0.00,0.00]
[839830,0,0,0,0,0,0.00,0.00]
[839930,0,0,0,0,0,0.00,0.00]
[840030,0,0,0,0,0,0.00,0.00]
[840130,0,0,0,0,0,0.00,0.00]
[840230,0,0,0,0,0,0.00,0.00]
[840330,0,0,0,0,0,0.00,0.00]
[840430,0,0,0,0,0,0.00,0.00]
[840530,0,0,0,0,0,0.00,0.00]
[840630,0,0,0,0,0,0.00,0.00]
[840730,0,0,0,0,0,0.00,0.00]
[840830,0,0,0,0,0,0.00,0.00]
[840930,0,0,0,0,0,0.00,0.00]
[841030,0,0,0,0,0,0.00,0.00]
[841130,0,0,0,0,0,0.00,0.00]
[841230,0,0,0,0,0,0.00,0.00]
[841330,0,0,0,0,0,0.00,0.00]
[841430,0,0,0,0,0,0.00,0.00]
[841530,0,0,0,0,0,0.00,0.00]
[841630,0,0,0,0,0,0.00,0.00]
[841910,0,0,0,0,0,0.00,0.00]
[841930,0,0,0,0,0,0.00,0.00]
[842030,0,0,0,0,0,0.00,0.00]
[842130,0,0,0,0,0,0.00,0.00]
[842230,0,0,0,0,0,0.00,0.00]
[842330,0,0,0,0,0,0.00,0.00]
[842430,0,0,0,0,0,0.00,0.00]
[842530,0,0,0,0,0,0.00,0.00]
[842630,0,0,0,0,0,0.00,0.00]
[842730,0,0,0,0,0,0.00,0.00]
[842830,0,0,0,0,0,0.00,0.00]
[842930,0,0,0,0,0,0.00,0.00]
[843030,0,0,0,0,0,0.00,0.00]
[843130,0,0,0,0,0,0.00,0.00]
[843230,0,0,0,0,0,0.00,0.00]
[843330,0,0,0,0,0,0.00,0.00]
[843430,0,0,0,0,0,0.00,0.00]
[843530,0,0,0,0,0,0.00,0.00]
[843630,0,0,0,0,0,0.00,0.00]
[843730,0,0,0,0,0,0.00,0.00]
[843830,0,0,0,0,0,0.00,0.00]
[843930,0,0,0,0,0,0.00,0.00]
[844030,0,0,0,0,0,0.00,0.00]
[844130,0,0,0,0,0,0.00,0.00]
[844230,0,0,0,0,0,0.00,0.00]
[844330,0,0,0,0,0,0.00,0.00]
[844430,0,0,0,0,0,0.00,0.00]
[844530,0,0,0,0,0,0.00,0.00]
[844630,0,0,0,0,0,0.00,0.00]
[844730,0,0,0,0,0,0.00,0.00]
[844830,0,0,0,0,0,0.00,0.00]
[844930,0,0,0,0,0,0.00,0.00]
[845030,0,0,0,0,0,0.00,0.00]
[845130,0,0,0,0,0,0.00,0.00]
[845230,0,0,0,0,0,0.00,0.00]
[845330,0,0,0,0,0,0.00,0.00]
[845440,0,0,0,0,0,0.00,0.00]
[845530,0,0,0,0,0,0.00,0.00]
[845630,0,0,0,0,0,0.00,0.00]
[845730,0,0,0,0,0,0.00,0.00]
[845830,0,0,0,0,0,0.00,0.00]
[845930,0,0,0,0,0,0.00,0.00]
[846030,0,0,0,0,0,0.00,0.00]
[846130,0,0,0,0,0,0.00,0.00]
[846230,0,0,0,0,0,0.00,0.00]
[846330,0,0,0,0,0,0.00,0.00]
[846430,0,0,0,0,0,0.00,0.00]
[846530,0,0,0,0,0,0.00,0.00]
[846630,0,0,0,0,0,0.00,0.00]
[846730,0,0,0,0,0,0.00,0.00]
[846830,0,0,0,0,0,0.00,0.00]
[846930,0,0,0,0,0,0.00,0.00]
[847030,0,0,0,0,0,0.00,0.00]
[847130,0,0,0,0,0,0.00,0.00]
[847230,0,0,0,0,0,0.00,0.00]
[847330,0,0,0,0,0,0.00,0.00]
[847430,0,0,0,0,0,0.00,0.00]
[847530,0,0,0,0,0,0.00,0.00]
[847630,0,0,0,0,0,0.00,0.00]
[847730,0,0,0,0,0,0.00,0.00]
[847830,0,0,0,0,0,0.00,0.00]
[847930,0,0,0,0,0,0.00,0.00]
[848020,0,0,0,0,0,0.00,0.00]
[848130,0,0,0,0,0,0.00,0.00]
[848230,0,0,0,0,0,0.00,0.00]
[848330,0,0,0,0,0,0.00,0.00]
[848430,0,0,0,0,0,0.00,0.00]
[848530,0,0,0,0,0,0.00,0.00]
[848630,0,0,0,0,0,0.00,0.00]
[848730,0,0,0,0,0,0.00,0.00]
[848830,0,0,0,0,0,0.00,0.00]
[848930,0,0,0,0,0,0.00,0.00]
[849030,0,0,0,0,0,0.00,0.00]
[849130,0,0,0,0,0,0.00,0.00]
[849230,0,0,0,0,0,0.00,0.00]
[849330,0,0,0,0,0,0.00,0.00]
[849430,0,0,0,0,0,0.00,0.00]
[849530,0,0,0,0,0,0.00,0.00]
[849630,0,0,0,0,0,0.00,0.00]
[849730,0,0,0,0,0,0.00,0.00]
[849830,0,0,0,0,0,0.00,0.00]
[849930,0,0,0,0,0,0.00,0.00]
[850030,0,0,0,0,0,0.00,0.00]
[850130,0,0,0,0,0,0.00,0.00]
[850230,0,0,0,0,0,0.00,0.00]
[850330,0,0,0,0,0,0.00,0.00]
[850430,0,0,0,0,0,0.00,0.00]
[850530,0,0,0,0,0,0.00,0.00]
[850630,0,0,0,0,0,0.00,0.00]
[850730,0,0,0,0,0,0.00,0.00]

[850830,0,0,0,0,0,0.00,0.00]
[850930,0,0,0,0,0,0.00,0.00]
[851030,0,0,0,0,0,0.00,0.00]
[851130,0,0,0,0,0,0.00,0.00]
[851230,0,0,0,0,0,0.00,0.00]
[851330,0,0,0,0,0,0.00,0.00]
[851430,0,0,0,0,0,0.00,0.00]
[851530,0,0,0,0,0,0.00,0.00]
[851630,0,0,0,0,0,0.00,0.00]
[851730,0,0,0,0,0,0.00,0.00]

[851830,0,0,0,0,0,0.00,0.00]
[851930,0,0,0,0,0,0.00,0.00]
[852030,0,0,0,0,0,0.00,0.00]
[852130,0,0,0,0,0,0.00,0.00]
[852230,0,0,0,0,0,0.00,0.00]
[852330,0,0,0,0,0,0.00,0.00]
[852430,0,0,0,0,0,0.00,0.00]
[852530,0,0,0,0,0,0.00,0.00]
[852630,0,0,0,0,0,0.00,0.00]
[852730,0,0,0,0,0,0.00,0.00]
[852830,0,0,0,0,0,0.00,0.00]
[852930,0,0,0,0,0,0.00,0.00]
[853030,0,0,0,0,0,0.00,0.00]
[853130,0,0,0,0,0,0.00,0.00]
[853230,0,0,0,0,0,0.00,0.00]
[853330,0,0,0,0,0,0.00,0.00]
[853430,0,0,0,0,0,0.00,0.00]
[853530,0,0,0,0,0,0.00,0.00]
[853630,0,0,0,0,0,0.00,0.00]
[853730,0,0,0,0,0,0.00,0.00]
[853830,0,0,0,0,0,0.00,0.00]
[853930,0,0,0,0,0,0.00,0.00]
[854030,0,0,0,0,0,0.00,0.00]
[854130,0,0,0,0,0,0.00,0.00]
[854230,0,0,0,0,0,0.00,0.00]
[854330,0,0,0,0,0,0.00,0.00]
[854430,0,0,0,0,0,0.00,0.00]
[854530,0,0,0,0,0,0.00,0.00]
[854630,0,0,0,0,0,0.00,0.00]
[854730,0,0,0,0,0,0.00,0.00]
[854830,0,0,0,0,0,0.00,0.00]
[854930,0,0,0,0,0,0.00,0.00]
[855030,0,0,0,0,0,0.00,0.00]
[855130,0,0,0,0,0,0.00,0.00]
[855230,0,0,0,0,0,0.00,0.00]
[855330,0,0,0,0,0,0.00,0.00]
[855430,0,0,0,0,0,0.00,0.00]
[855530,0,0,0,0,0,0.00,0.00]
[855630,0,0,0,0,0,0.00,0.00]
[855730,0,0,0,0,0,0.00,0.00]
[855830,0,0,0,0,0,0.00,0.00]
[855930,0,0,0,0,0,0.00,0.00]
[856030,0,0,0,0,0,0.00,0.00]
[856130,0,0,0,0,0,0.00,0.00]
[856230,0,0,0,0,0,0.00,0.00]
[856330,0,0,0,0,0,0.00,0.00]
[856430,0,0,0,0,0,0.00,0.00]
[856530,0,0,0,0,0,0.00,0.00]
[856630,0,0,0,0,0,0.00,0.00]
[856730,0,0,0,0,0,0.00,0.00]
[856830,0,0,0,0,0,0.00,0.00]
[856930,0,0,0,0,0,0.00,0.00]
[857030,0,0,0,0,0,0.00,0.00]
[857130,0,0,0,0,0,0.00,0.00]
[857230,0,0,0,0,0,0.00,0.00]
[857330,0,0,0,0,0,0.00,0.00]
[857430,0,0,0,0,0,0.00,0.00]
[857530,0,0,0,0,0,0.00,0.00]
[857630,0,0,0,0,0,0.00,0.00]
[857730,0,0,0,0,0,0.00,0.00]
[857830,0,0,0,0,0,0.00,0.00]
[857930,0,0,0,0,0,0.00,0.00]
[858030,0,0,0,0,0,0.00,0.00]
[858130,0,0,0,0,0,0.00,0.00]
[858230,0,0,0,0,0,0.00,0.00]
[858330,0,0,0,0,0,0.00,0.00]
[858430,0,0,0,0,0,0.00,0.00]
[858530,0,0,0,0,0,0.00,0.00]
[858630,0,0,0,0,0,0.00,0.00]
[858730,0,0,0,0,0,0.00,0.00]
[858830,0,0,0,0,0,0.00,0.00]
[858930,0,0,0,0,0,0.00,0.00]
[859030,0,0,0,0,0,0.00,0.00]
[859130,0,0,0,0,0,0.00,0.00]
[859230,0,0,0,0,0,0.00,0.00]
[859330,0,0,0,0,0,0.00,0.00]
[859430,0,0,0,0,0,0.00,0.00]
[859530,0,0,0,0,0,0.00,0.00]
[859630,0,0,0,0,0,0.00,0.00]
[859730,0,0,0,0,0,0.00,0.00]
[859830,0,0,0,0,0,0.00,0.00]
[859930,0,0,0,0,0,0.00,0.00]
[860030,0,0,0,0,0,0.00,0.00]
[860130,0,0,0,0,0,0.00,0.00]
[860230,0,0,0,0,0,0.00,0.00]
[860330,0,0,0,0,0,0.00,0.00]
[860430,0,0,0,0,0,0.00,0.00]
[860530,0,0,0,0,0,0.00,0.00]
[860630,0,0,0,0,0,0.00,0.00]
[860730,0,0,0,0,0,0.00,0.00]
[860830,0,0,0,0,0,0.00,0.00]
[860930,0,0,0,0,0,0.00,0.00]
[861030,0,0,0,0,0,0.00,0.00]
[861130,0,0,0,0,0,0.00,0.00]
[861230,0,0,0,0,0,0.00,0.00]
[861330,0,0,0,0,0,0.00,0.00]
[861430,0,0,0,0,0,0.00,0.00]
[861530,0,0,0,0,0,0.00,0.00]
[861630,0,0,0,0,0,0.00,0.00]
[861730,0,0,0,0,0,0.00,0.00]

[850830,0,0,0,0,0,0.00,0.00]
[850930,0,0,0,0,0,0.00,0.00]
[851030,0,0,0,0,0,0.00,0.00]
[851130,0,0,0,0,0,0.00,0.00]
[851230,0,0,0,0,0,0.00,0.00]
[851330,0,0,0,0,0,0.00,0.00]
[851430,0,0,0,0,0,0.00,0.00]
[851530,0,0,0,0,0,0.00,0.00]
[851630,0,0,0,0,0,0.00,0.00]
[851730,0,0,0,0,0,0.00,0.00]


[861830,0,0,0,0,0,0.00,0.00]
[861930,0,0,0,0,0,0.00,0.00]
[862030,0,0,0,0,0,0.00,0.00]
[862130,0,0,0,0,0,0.00,0.00]
[862230,0,0,0,0,0,0.00,0.00]
[862330,0,0,0,0,0,0.00,0.00]
[862430,0,0,0,0,0,0.00,0.00]
[862530,0,0,0,0,0,0.00,0.00]
[862630,0,0,0,0,0,0.00,0.00]
[862730,0,0,0,0,0,0.00,0.00]
[862830,0,0,0,0,0,0.00,0.00]
[862930,0,0,0,0,0,0.00,0.00]
[863030,0,0,0,0,0,0.00,0.00]
[863130,0,0,0,0,0,0.00,0.00]
[863230,0,0,0,0,0,0.00,0.00]
[863330,0,0,0,0,0,0.00,0.00]
[863430,0,0,0,0,0,0.00,0.00]
[863530,0,0,0,0,0,0.00,0.00]
[863630,0,0,0,0,0,0.00,0.00]
[863730,0,0,0,0,0,0.00,0.00]
[863830,0,0,0,0,0,0.00,0.00]
[863930,0,0,0,0,0,0.00,0.00]
[864030,0,0,0,0,0,0.00,0.00]
[864130,0,0,0,0,0,0.00,0.00]
[864230,0,0,0,0,0,0.00,0.00]
[864330,0,0,0,0,0,0.00,0.00]
[864430,0,0,0,0,0,0.00,0.00]
[864530,0,0,0,0,0,0.00,0.00]
[864630,0,0,0,0,0,0.00,0.00]
[864730,0,0,0,0,0,0.00,0.00]
[864830,0,0,0,0,0,0.00,0.00]
[864930,0,0,0,0,0,0.00,0.00]
[865030,0,0,0,0,0,0.00,0.00]
[865130,0,0,0,0,0,0.00,0.00]
[865230,0,0,0,0,0,0.00,0.00]
[865330,0,0,0,0,0,0.00,0.00]
[865430,0,0,0,0,0,0.00,0.00]
[865530,0,0,0,0,0,0.00,0.00]
[865630,0,0,0,0,0,0.00,0.00]
[865730,0,0,0,0,0,0.00,0.00]
[865890,0,0,0,0,0,0.00,0.00]

[866020,0,0,0,0,0,0.00,0.00]
[866030,0,0,0,0,0,0.00,0.00]

[866130,0,0,0,0,0,0.00,0.00]
[866230,0,0,0,0,0,0.00,0.00]
[866330,0,0,0,0,0,0.00,0.00]
[866430,0,0,0,0,0,0.00,0.00]
[866530,0,0,0,0,0,0.00,0.00]
[866630,0,0,0,0,0,0.00,0.00]
[866730,0,0,0,0,0,0.00,0.00]

[867040,0,0,0,0,0,0.00,0.00]
[867130,0,0,0,0,0,0.00,0.00]
[867230,0,0,0,0,0,0.00,0.00]
[867330,0,0,0,0,0,0.00,0.00]

[867650,0,0,0,0,0,0.00,0.00]
[867730,0,0,0,0,0,0.00,0.00]

[867900,0,0,0,0,0,0.00,0.00]
[867930,0,0,0,0,0,0.00,0.00]

[868030,0,0,0,0,0,0.00,0.00]
[868130,0,0,0,0,0,0.00,0.00]
[868250,0,0,0,0,0,0.00,0.00]
[868330,0,0,0,0,0,0.00,0.00]
[868430,0,0,0,0,0,0.00,0.00]
[868530,0,0,0,0,0,0.00,0.00]
[868630,0,0,0,0,0,0.00,0.00]
[868730,0,0,0,0,0,0.00,0.00]
[868830,0,0,0,0,0,0.00,0.00]
[868930,0,0,0,0,0,0.00,0.00]
[869030,0,0,0,0,0,0.00,0.00]
[869130,0,0,0,0,0,0.00,0.00]
[869230,0,0,0,0,0,0.00,0.00]
[869330,0,0,0,0,0,0.00,0.00]
[869430,0,0,0,0,0,0.00,0.00]
[869530,0,0,0,0,0,0.00,0.00]
[869630,0,0,0,0,0,0.00,0.00]
[869730,0,0,0,0,0,0.00,0.00]
[869830,0,0,0,0,0,0.00,0.00]
[869930,0,0,0,0,0,0.00,0.00]
[870030,0,0,0,0,0,0.00,0.00]
[870130,0,0,0,0,0,0.00,0.00]
[870230,0,0,0,0,0,0.00,0.00]
[870330,0,0,0,0,0,0.00,0.00]
[870430,0,0,0,0,0,0.00,0.00]
[870530,0,0,0,0,0,0.00,0.00]
[870630,0,0,0,0,0,0.00,0.00]
[870730,0,0,0,0,0,0.00,0.00]
[870830,0,0,0,0,0,0.00,0.00]
[870930,0,0,0,0,0,0.00,0.00]
[871030,0,0,0,0,0,0.00,0.00]
[871130,0,0,0,0,0,0.00,0.00]
[871230,0,0,0,0,0,0.00,0.00]
[871330,0,0,0,0,0,0.00,0.00]
[871430,0,0,0,0,0,0.00,0.00]
[871530,0,0,0,0,0,0.00,0.00]
[871630,0,0,0,0,0,0.00,0.00]
[871730,0,0,0,0,0,0.00,0.00]
[871830,0,0,0,0,0,0.00,0.00]
[871930,0,0,0,0,0,0.00,0.00]
[872030,0,0,0,0,0,0.00,0.00]
[872130,0,0,0,0,0,0.00,0.00]
[872230,0,0,0,0,0,0.00,0.00]
[872330,0,0,0,0,0,0.00,0.00]
[872430,0,0,0,0,0,0.00,0.00]
[872530,0,0,0,0,0,0.00,0.00]
[872630,0,0,0,0,0,0.00,0.00]
[872730,0,0,0,0,0,0.00,0.00]
[872830,0,0,0,0,0,0.00,0.00]
[872930,0,0,0,0,0,0.00,0.00]
[873030,0,0,0,0,0,0.00,0.00]
[873130,0,0,0,0,0,0.00,0.00]
[873230,0,0,0,0,0,0.00,0.00]
[873330,0,0,0,0,0,0.00,0.00]
[873430,0,0,0,0,0,0.00,0.00]
[873530,0,0,0,0,0,0.00,0.00]
[873630,0,0,0,0,0,0.00,0.00]
[873730,0,0,0,0,0,0.00,0.00]
[873830,0,0,0,0,0,0.00,0.00]
[873930,0,0,0,0,0,0.00,0.00]
[874030,0,0,0,0,0,0.00,0.00]
[874130,0,0,0,0,0,0.00,0.00]
[874230,0,0,0,0,0,0.00,0.00]
[874330,0,0,0,0,0,0.00,0.00]
[874460,0,0,0,0,0,0.00,0.00]
[874530,0,0,0,0,0,0.00,0.00]
[874630,0,0,0,0,0,0.00,0.00]
[874730,0,0,0,0,0,0.00,0.00]
[874830,0,0,0,0,0,0.00,0.00]
[874930,0,0,0,0,0,0.00,0.00]
[875030,0,0,0,0,0,0.00,0.00]
[875130,0,0,0,0,0,0.00,0.00]
[875230,0,0,0,0,0,0.00,0.00]
[875330,0,0,0,0,0,0.00,0.00]
[875430,0,0,0,0,0,0.00,0.00]
[875530,0,0,0,0,0,0.00,0.00]
[875630,0,0,0,0,0,0.00,0.00]
[875730,0,0,0,0,0,0.00,0.00]
[875830,0,0,0,0,0,0.00,0.00]
[875930,0,0,0,0,0,0.00,0.00]
[876030,0,0,0,0,0,0.00,0.00]
[876130,0,0,0,0,0,0.00,0.00]
[876230,0,0,0,0,0,0.00,0.00]
[876330,0,0,0,0,0,0.00,0.00]
[876430,0,0,0,0,0,0.00,0.00]
[876530,0,0,0,0,0,0.00,0.00]
[876630,0,0,0,0,0,0.00,0.00]
[876730,0,0,0,0,0,0.00,0.00]
[876830,0,0,0,0,0,0.00,0.00]
[876930,0,0,0,0,0,0.00,0.00]
[877030,0,0,0,0,0,0.00,0.00]
[877130,0,0,0,0,0,0.00,0.00]
[877230,0,0,0,0,0,0.00,0.00]
[877330,0,0,0,0,0,0.00,0.00]
[877430,0,0,0,0,0,0.00,0.00]
[877530,0,0,0,0,0,0.00,0.00]
[877630,0,0,0,0,0,0.00,0.00]
[877730,0,0,0,0,0,0.00,0.00]
[877830,0,0,0,0,0,0.00,0.00]
[877930,0,0,0,0,0,0.00,0.00]
[878030,0,0,0,0,0,0.00,0.00]
[878130,0,0,0,0,0,0.00,0.00]
[878230,0,0,0,0,0,0.00,0.00]
[878330,0,0,0,0,0,0.00,0.00]
[878430,0,0,0,0,0,0.00,0.00]
[878530,0,0,0,0,0,0.00,0.00]
[878630,0,0,0,0,0,0.00,0.00]
[878730,0,0,0,0,0,0.00,0.00]
[878830,0,0,0,0,0,0.00,0.00]
[878930,0,0,0,0,0,0.00,0.00]
[879030,0,0,0,0,0,0.00,0.00]
[879130,0,0,0,0,0,0.00,0.00]
[879230,0,0,0,0,0,0.00,0.00]
[879330,0,0,0,0,0,0.00,0.00]
[879430,0,0,0,0,0,0.00,0.00]
[879530,0,0,0,0,0,0.00,0.00]
[879630,0,0,0,0,0,0.00,0.00]
[879730,0,0,0,0,0,0.00,0.00]
[879830,0,0,0,0,0,0.00,0.00]
[879930,0,0,0,0,0,0.00,0.00]
[880030,0,0,0,0,0,0.00,0.00]
[880130,0,0,0,0,0,0.00,0.00]
[880230,0,0,0,0,0,0.00,0.00]
[880330,0,0,0,0,0,0.00,0.00]
[880430,0,0,0,0,0,0.00,0.00]
[880530,0,0,0,0,0,0.00,0.00]
[880630,0,0,0,0,0,0.00,0.00]
[880730,0,0,0,0,0,0.00,0.00]
[880830,0,0,0,0,0,0.00,0.00]
[880930,0,0,0,0,0,0.00,0.00]
[881030,0,0,0,0,0,0.00,0.00]
[881130,0,0,0,0,0,0.00,0.00]
[881230,0,0,0,0,0,0.00,0.00]
[881330,0,0,0,0,0,0.00,0.00]
[881430,0,0,0,0,0,0.00,0.00]
[881530,0,0,0,0,0,0.00,0.00]
[881630,0,0,0,0,0,0.00,0.00]
[881730,0,0,0,0,0,0.00,0.00]
[881830,0,0,0,0,0,0.00,0.00]
[881930,0,0,0,0,0,0.00,0.00]
[882030,0,0,0,0,0,0.00,0.00]
[882130,0,0,0,0,0,0.00,0.00]
[882230,0,0,0,0,0,0.00,0.00]
[882330,0,0,0,0,0,0.00,0.00]
[882430,0,0,0,0,0,0.00,0.00]
[882530,0,0,0,0,0,0.00,0.00]
[882630,0,0,0,0,0,0.00,0.00]
[882730,0,0,0,0,0,0.00,0.00]
[882830,0,0,0,0,0,0.00,0.00]
[882930,0,0,0,0,0,0.00,0.00]
[883030,0,0,0,0,0,0.00,0.00]
[883130,0,0,0,0,0,0.00,0.00]
[883230,0,0,0,0,0,0.00,0.00]
[883330,0,0,0,0,0,0.00,0.00]
[883430,0,0,0,0,0,0.00,0.00]
[883530,0,0,0,0,0,0.00,0.00]
[883630,0,0,0,0,0,0.00,0.00]
[883730,0,0,0,0,0,0.00,0.00]
[883830,0,0,0,0,0,0.00,0.00]
[883930,0,0,0,0,0,0.00,0.00]
[884030,0,0,0,0,0,0.00,0.00]
[884130,0,0,0,0,0,0.00,0.00]
[884230,0,0,0,0,0,0.00,0.00]
[884330,0,0,0,0,0,0.00,0.00]
[884430,0,0,0,0,0,0.00,0.00]
[884530,0,0,0,0,0,0.00,0.00]
[884630,0,0,0,0,0,0.00,0.00]
[884730,0,0,0,0,0,0.00,0.00]
[884830,0,0,0,0,0,0.00,0.00]
[884930,0,0,0,0,0,0.00,0.00]
[885030,0,0,0,0,0,0.00,0.00]
[885130,0,0,0,0,0,0.00,0.00]
[885230,0,0,0,0,0,0.00,0.00]
[885330,0,0,0,0,0,0.00,0.00]
[885430,0,0,0,0,0,0.00,0.00]
[885530,0,0,0,0,0,0.00,0.00]
[885630,0,0,0,0,0,0.00,0.00]
[885730,0,0,0,0,0,0.00,0.00]
[885830,0,0,0,0,0,0.00,0.00]
[885930,0,0,0,0,0,0.00,0.00]
[886030,0,0,0,0,0,0.00,0.00]
[886130,0,0,0,0,0,0.00,0.00]
[886230,0,0,0,0,0,0.00,0.00]
[886330,0,0,0,0,0,0.00,0.00]
[886430,0,0,0,0,0,0.00,0.00]
[886530,0,0,0,0,0,0.00,0.00]
[886630,0,0,0,0,0,0.00,0.00]
[886730,0,0,0,0,0,0.00,0.00]
[886830,0,0,0,0,0,0.00,0.00]
[886930,0,0,0,0,0,0.00,0.00]
[887030,0,0,0,0,0,0.00,0.00]
[887130,0,0,0,0,0,0.00,0.00]
[887230,0,0,0,0,0,0.00,0.00]
[887330,0,0,0,0,0,0.00,0.00]
[887430,0,0,0,0,0,0.00,0.00]
[887530,0,0,0,0,0,0.00,0.00]
[887630,0,0,0,0,0,0.00,0.00]
[887730,0,0,0,0,0,0.00,0.00]
[887830,0,0,0,0,0,0.00,0.00]
[887930,0,0,0,0,0,0.00,0.00]
[888030,0,0,0,0,0,0.00,0.00]
[888130,0,0,0,0,0,0.00,0.00]
