[23533020, -45, 18, -10, 3, 27, 10, 0.00, 0.00]
[23542975, -45, 18, -10, 3, 27, 10, -0.00, -0.00]
[23562943, -11, 16, -5, -289, -21, -22, -0.00, -0.00]
[23572976, 11, -4, -30, 15, 3, 2, -0.00, -0.01]
[23582932, 11, -4, -30, 15, 3, 2, 0.00, -0.00]
[23592909, 7, 4, -12, 11, 207, 26, 0.00, -0.01]
[23602935, 0, 23, -19, 171, 47, 62, -0.00, 0.00]
[23612904, 2, 16, -24, -37, 31, -274, -0.00, 0.00]
[23622927, 38, 18, 6, 7, -37, -10, -0.00, 0.01]
[23632954, 2, 6, -34, 15, -13, -18, -0.00, 0.01]
[23642961, -14, -16, 29, 31, 187, 54, 0.00, 0.01]
[23652923, 2, -9, 8, 11, -77, -34, -0.00, 0.00]
[23662949, -6, 35, 17, -261, 19, -38, -0.00, -0.01]
[23672897, 6, 3, 8, -21, -33, -6, -0.00, -0.00]
[23682969, -2, 3, -3, 27, 47, -66, -0.00, -0.02]
[23692912, 15, -12, 13, -9, 167, 62, -0.00, -0.03]
[23702945, 4, -15, 104, 11, -37, 874, -3.63, -0.03]
[23712897, -16, -366, -314, 795, -1777, 1386, -21.07, -0.03]
[23722940, -657, -522, 577, 1339, -237, 442, -15.45, -0.02]
[23732944, 504, 241, 57, -1705, -957, -2978, -17.01, -0.02]
[23742947, 195, -83, 1820, -761, 1447, 2810, -3.19, 0.05]
[23752924, 195, -83, 1820, -761, 1447, 2810, 18.16, 2.76]
[23762986, 305, 1558, 4480, -13425, -4089, 370, 38.02, 7.35]
[23772970, 1530, -648, 4440, -4669, -481, -3938, 62.55, 16.40]
[23782912, 665, -707, 4277, -5041, 655, 6974, 86.35, 29.57]
[23792987, -607, -504, 3483, -8521, -937, -5038, 109.98, 46.08]
[23802935, -302, 2186, 1747, -11473, 355, -1278, 139.67, 67.18]
[23812946, -2467, -1004, -879, -3813, 1427, -3142, 172.25, 88.35]
[23822958, -1524, 449, -793, -7089, -689, 674, 204.07, 108.04]
[23832927, -451, 1414, -35, -8273, -789, -3290, 242.16, 210.27]
[23843101, 266, 1069, 864, -4101, 271, -1302, 279.89, 238.47]
[23853034, 116, -516, 325, -5925, -1273, 722, 320.73, 267.98]
[23862978, -518, -372, -382, -1321, 1291, 4334, 358.54, 300.30]
[23872934, -342, 60, 1080, -4385, 887, 2070, 408.69, 330.81]
[23882982, 939, 124, 398, -641, -1869, -1646, 452.82, 360.25]
[23893006, -549, -1524, 996, -3025, 2903, 2158, 500.23, 395.89]
[23902897, -754, -508, 1718, 2163, 103, -2254, 545.80, 432.17]
[23913055, -1191, -734, 1078, -3745, -2897, -1334, 597.84, 460.59]
[23922983, -1324, -769, -336, -365, -229, 2814, 643.94, 570.27]
[23932957, -366, 235, -1085, -1973, 1519, -802, 691.33, 602.05]
[23943079, -246, -124, -1808, 1543, 3, 2690, 745.88, 640.35]
[23953112, 601, 504, -95, -849, -1213, -2134, 801.16, 675.43]
[23963075, 992, 498, 265, -5561, 363, 10, 849.48, 709.39]
[23973175, -856, 859, 3083, -721, -525, 1106, 901.11, 740.21]
[23982966, -414, 341, 3456, -8053, -133, 1282, 947.56, 783.19]
[23992948, -414, 341, 3456, -8053, -133, 1282, 999.61, 814.87]
[24002944, -640, -1255, 2741, -921, 1847, 2110, 1042.88, 926.56]
[24012949, -1164, -1618, -262, 3, 79, -2666, 1097.97, 961.08]
[24023017, -802, -282, -1296, 4855, 1879, -1006, 1144.03, 1002.23]
[24033085, 357, 681, -1058, -2541, -2189, -1486, 1198.16, 1039.42]
[24042988, -807, 121, 274, -137, -853, 1706, 1245.22, 1072.49]
[24052959, 584, 1056, 1743, -3797, -2617, 1714, 1298.57, 1112.10]
[24062938, -195, -245, 2417, -1409, 1655, 1098, 1346.59, 1152.41]
[24072958, 538, 824, 1457, -685, 1635, -862, 1396.56, 1183.54]
[24082917, 1301, -109, 492, 2231, 271, 314, 1440.94, 1296.46]
[24092995, 1168, -245, -531, -2781, 2703, -670, 1498.26, 1332.02]
[24102932, 1168, -245, -531, -2781, 2703, -670, 1546.68, 1373.15]
[24112937, 720, -253, -1706, 3435, 3635, 3182, 1601.16, 1409.79]
[24122984, 2050, 852, -268, 6347, -401, -1182, 1653.23, 1444.38]
[24132942, -56, 726, -736, 5903, -1721, 406, 1710.46, 1485.66]
[24142970, 295, 665, -1893, 1595, -293, 2734, 1764.94, 1523.55]
[24152962, -1271, 22, -4575, 7295, -3149, 4594, 1838.47, 1552.06]
[24163078, -461, 181, -2357, 4159, -289, -2166, 1901.66, 1662.31]
[24173042, -674, 432, -4382, 5751, -2077, -3262, 1974.80, 1697.04]
[24182941, 51, -125, -4569, 6355, 2299, 522, 2048.36, 1728.19]
[24192906, -435, -339, -6407, 4595, -525, 7382, 2131.77, 1758.45]
[24202961, -786, 266, -6222, 5463, 495, 1438, 2230.78, 1784.58]
[24212917, -44, 1406, -7732, 4631, 499, -4398, 2322.12, 1814.14]
[24222946, 535, 2733, -1207, -5113, -537, -5066, 2419.75, 1843.25]
[24232952, 2000, -64, -3231, 8119, 1619, 686, 2509.98, 1867.65]
[24242942, -1562, 3341, 11013, 32735, 395, -13362, 2593.89, 1887.21]
[24252926, -3291, 1411, 17611, -7697, 2431, -10934, 2654.04, 1905.16]
[24263093, -786, 1099, 12425, -3733, -2153, 590, 2694.78, 2001.75]
[24272965, -1763, -1401, 3588, -1121, -2429, -2166, 2737.02, 2027.80]
[24282910, -1763, -1401, 3588, -1121, -2429, -2166, 2775.27, 2059.80]
[24293085, -978, -2642, 354, 931, 891, 2438, 2815.24, 2088.75]
[24302925, -528, -2227, 1945, -41, 1243, -2014, 2860.23, 2118.33]
[24312912, 163, 802, 3118, -817, -869, -2942, 2906.87, 2147.97]
[24322986, -1107, -1511, 1882, -2381, -1457, -2482, 2954.20, 2178.56]
[24332927, -444, -913, 663, -3725, -485, -810, 2996.60, 2215.78]
[24342927, 566, -268, 400, -613, 975, -2722, 3043.24, 2247.13]
[24352999, 26, 216, 661, -1937, -901, 2206, 3086.75, 2277.76]
[24362947, 152, 754, 224, -3813, -113, -1754, 3135.11, 2277.76]
[24372979, 152, 754, 224, -3813, -113, -1754, 3177.83, 2277.76]
[24382912, 530, -864, -836, 2211, 2727, -2254, 3225.15, 2277.76]
[24392999, 1524, -833, -2917, 1999, -701, -886, 3280.35, 2277.76]
[24402939, 319, -600, -3034, 2407, 2799, 3018, 3338.41, 2277.76]
[24412933, -410, 149, -664, 2263, 503, 2470, 3388.47, 2218.59]
[24422943, -588, 187, -2, 3947, -1573, -4146, 3443.73, 2249.56]
[24432955, -2109, 754, 755, -581, 859, -2358, 3490.36, 2279.65]
[24443059, -341, 457, 186, -177, -2493, 1390, 3538.88, 2391.32]
[24452936, -657, 457, -506, 1591, -1309, 2674, 3582.73, 2425.29]
[24462975, -1257, -1100, -2298, 1135, -1621, -2398, 3638.47, 2462.08]
[24472957, 1072, 1683, -1562, 1571, 2455, 1422, 3683.00, 2495.93]
[24482925, 1499, 769, -597, -2237, -1449, -2650, 3732.84, 2529.42]
[24493037, 1093, 334, -469, -2893, 2831, -454, 3781.02, 2570.44]
[24502941, 159, -1186, 215, -2553, 415, -2858, 3837.92, 2604.58]
[24512958, 683, -446, -517, 839, 1447, -886, 3889.36, 2636.78]
[24522969, -242, -343, -41, -2237, -977, -894, 3947.04, 2748.64]
[24532949, -526, -1607, 1822, 4031, 359, 3218, 4006.32, 2782.68]
[24542957, 450, 634, 4281, -1145, -2521, 3078, 4061.99, 2818.45]
[24552974, 683, 592, 3277, -4409, 951, -1434, 4107.41, 2851.38]
[24562932, 683, 592, 3277, -4409, 951, -1434, 4155.86, 2883.56]
[24572991, -545, -901, -28, -4013, -3149, 4710, 4198.59, 2924.20]
[24582930, 62, 380, -1815, -3089, 323, -786, 4246.86, 2959.98]
[24592898, 129, -172, 441, -1377, 1535, -6278, 4288.48, 2992.55]
[24602986, -29, -320, 572, 1699, 4003, 1830, 4345.94, 3105.82]
[24612952, 827, -163, -254, -2685, 4711, 890, 4394.32, 3142.53]
[24622923, 208, -237, 1228, 1195, -3209, -2374, 4452.85, 3182.02]
[24632937, -240, -330, 1759, 2075, 111, 934, 4512.35, 3217.50]
[24642904, 462, 1538, 7115, -785, -2833, 3814, 4586.94, 3249.81]
[24652926, -597, -123, 10890, 6811, -1593, 4718, 4668.78, 3285.58]
[24662900, 327, 33, 23093, 3483, -4997, -1358, 4745.61, 3312.53]
[24672969, 1619, 1166, 29528, 355, -6533, -2242, 4814.93, 3332.91]
[24682955, -2644, -401, 32717, -3277, -4565, -3770, 4878.38, 3347.03]
[24692910, -2644, -401, 32717, -3277, -4565, -3770, 4948.06, 3357.90]
[24702914, -2600, -3668, 32717, 2671, -3553, 2834, 5001.67, 3444.35]
[24712972, -1405, -2137, 32666, 10115, -7125, -474, 5066.24, 3440.63]
[24722929, -1798, -1791, 32717, 10391, -1965, -5154, 5116.74, 3346.63]
[24732942, 275, -404, 32717, 4495, -9889, 12806, 5170.95, 3350.07]
[24742980, 71, 3723, 30078, -4913, -14265, 11214, 5184.24, 3338.75]
[24752983, -5121, -3012, 32402, 21319, 9019, -19766, 5179.29, 3316.73]
[24762918, -2392, -462, 31466, 18903, -109, 13218, 5194.15, 3299.08]
[24772913, -242, 4183, 30810, 3995, -2453, 5526, 5214.61, 3279.94]
[24782993, 2584, 3612, 28358, 6503, -4769, -4090, 5232.42, 3257.54]
[24792913, 1339, -1030, 26815, 11627, 1803, -3454, 5214.95, 3240.49]
[24804789, -2950, -1924, 14891, 5167, 2587, 1090, 5176.53, 3222.32]
[24812928, -2950, -1924, 14891, 5167, 2587, 1090, 5149.18, 3204.63]
[24822926, -2680, 823, 12013, 11599, -2957, 1678, 5122.85, 3185.93]
[24832946, 719, 1225, 13563, 8415, 943, 2502, 5096.08, 3169.43]
[24842973, -1087, 95, 4979, -3301, 1503, 2542, 5086.12, 3154.09]
[24852912, -283, 168, 2972, -4697, 1039, 430, 5078.78, 3142.81]
[24863022, 158, 185, 3272, -4193, -305, -374, 5072.30, 3133.67]
[24872919, -1085, -96, 1598, -5501, 1135, -770, 5067.81, 3127.13]
[24882958, 102, -363, 946, -2337, 607, -1218, 5065.57, 3124.60]
[24892896, -131, 33, -676, -6021, 967, 202, 5064.89, 3124.59]
[24903022, -172, -790, -441, -3829, -277, -1034, 5064.90, 3125.01]
[24912908, -335, -774, -118, -53, -501, 1130, 5064.91, 3125.29]
[24922929, 119, 323, 53, -129, 75, -126, 5064.90, 3125.28]
[24932901, 79, -55, -13, -269, -49, -330, 5064.89, 3125.29]
[24942914, -115, -337, -30, 27, 83, 306, 5064.92, 3125.27]
[24952954, 4, 49, -33, -37, 75, -94, 5064.93, 3125.28]
[24962915, 4, 49, -33, -37, 75, -94, 5064.90, 3125.28]
[24972916, 231, -52, 0, -37, -1, 126, 5064.91, 3125.27]
[24982937, -7, 45, -16, -1, 35, -206, 5064.93, 3125.27]
[24992923, 23, 51, 4, -61, 3, 38, 5064.84, 3125.27]
[25002965, -28, -41, 26, 3, 67, -6, 5064.89, 3125.28]
[25012933, 29, 23, -29, -289, 23, -306, 5064.88, 3125.27]
[25023014, -8, -14, -4, -69, -237, 50, 5064.85, 3125.28]
[25033058, -15, 12, 4, -17, -9, -106, 5064.89, 3125.28]
[25042946, -8, -29, -8, -53, 59, -262, 5064.90, 3125.29]
[25052928, 2, -13, 19, -45, 23, -6, 5064.87, 3125.28]
[25063031, -25, 25, -15, -137, -217, -66, 5064.89, 3125.28]
[25072922, 12, 3, -18, 195, 19, 58, 5064.88, 3125.29]
[25082936, 8, -45, -41, 195, 11, 2, 5064.86, 3125.28]
[25093167, -10, 2, -3, -69, -17, -38, 5064.86, 3125.27]
[25102998, -19, -10, -11, -49, 11, 70, 5064.86, 3125.28]
[25112953, -11, 17, -18, -49, -69, 26, 5064.84, 3125.27]
[25122901, -11, 17, -18, -49, -69, 26, 5064.87, 3125.28]
[25132918, 19, 3, -18, 211, -29, -22, 5064.90, 3125.29]
[25142977, -22, 19, -15, 3, 27, 126, 5064.86, 3125.29]
[25152984, 19, -27, -29, -113, 31, 154, 5064.86, 3125.29]
[25162961, -12, 10, -20, -109, -17, 58, 5064.91, 3125.29]
[25173029, -13, 28, -11, 135, -225, 34, 5064.86, 3125.29]
[25182985, -1, -4, 9, 211, -1, 122, 5064.87, 3125.27]
[25193085, -12, 10, 7, -81, -185, 62, 5064.92, 3125.28]
[25203000, -7, -3, 37, -81, 35, -22, 5064.93, 3125.28]
[25212971, 1, -1, 18, -65, 39, -50, 5064.93, 3125.27]
[25222914, -9, -27, -8, -37, 7, -34, 5064.88, 3125.28]
[25232956, 17, -2, -18, -101, 15, -82, 5064.91, 3125.27]
[25242942, 33, 14, -9, -121, -1, -10, 5064.87, 3125.28]
[25252931, -14, -3, 0, -25, -5, 50, 5064.90, 3125.27]
[25262928, -10, -1, 7, -57, 15, -298, 5064.87, 3125.29]
[25272964, 16, 1, 8, -37, 35, -46, 5064.91, 3125.27]
[25282908, 24, -20, -9, -245, -17, 14, 5064.89, 3125.28]
[25292951, -7, -4, -18, -97, 35, 46, 5064.90, 3125.28]
[25302980, -17, 29, -11, -65, -37, -54, 5064.92, 3125.27]
[25312917, -12, -22, -16, -57, -13, 154, 5064.83, 3125.28]
[25322898, -3, 3, -44, -45, 35, 6, 5064.90, 3125.29]
[25332910, -8, 21, -9, -61, 51, 166, 5064.92, 3125.28]
[25343052, -2, -4, 23, 35, 31, 86, 5064.88, 3125.29]
[25352944, -13, 7, -13, -93, -281, 2, 5064.87, 3125.28]
[25363065, -13, 7, -13, -93, -281, 2, 5064.89, 3125.28]
[25373042, -5, 19, 11, -69, 39, -10, 5064.89, 3125.28]
[25383093, -4, 6, -22, -69, 7, 26, 5064.91, 3125.27]
[25392945, 11, -4, -42, -113, -17, -26, 5064.91, 3125.28]
[25402922, -7, -20, 9, -89, 51, -14, 5064.89, 3125.28]
[25412901, 3, -3, -16, -61, -21, 62, 5064.90, 3125.28]
[25423072, -6, -3, -12, -45, 7, -14, 5064.90, 3125.29]
[25432916, 14, 2, -16, 215, -9, -198, 5064.94, 3125.28]
[25442932, -9, -21, -6, -273, -217, 190, 5064.88, 3125.29]
[25452989, 28, 12, -304, -33, 23, 38, 5064.85, 3125.29]
[25463003, -11, -11, 13, 159, -21, -82, 5064.86, 3125.29]
[25472976, 3, -39, -6, -93, 47, -294, 5064.86, 3125.29]
[25482909, -39, -12, -3, -73, -25, -82, 5064.85, 3125.29]
[25492915, 14, -10, -7, -269, -37, -302, 5064.88, 3125.28]
[25502941, 2, 131, 77, -161, 539, -1306, 5064.85, 3125.28]
[25512924, -308, 310, -43, -133, -169, 1398, 5064.96, 3125.29]
[25522933, -308, 310, -43, -133, -169, 1398, 5064.90, 3125.29]
[25532919, -197, -211, -20, -69, -133, 78, 5064.92, 3125.28]
[25542914, 49, 13, -30, -321, -29, 166, 5064.87, 3125.28]
[25553190, 42, -66, 37, 63, -273, -158, 5064.90, 3125.28]
[25562915, 23, 45, -22, -81, -29, 342, 5064.81, 3125.28]
[25572950, 21, 6, -27, -89, -53, -302, 5064.80, 3125.29]
[25583089, -19, -45, -54, -65, -153, 374, 5064.88, 3125.29]
[25592901, 273, 9, -35, 307, -309, -338, 5064.87, 3125.29]
[25602929, 150, -64, 28, -269, -285, 126, 5064.90, 3125.28]
[25612915, -48, 28, -37, -241, 27, -166, 5064.91, 3125.28]
[25624416, 90, -214, -36, -5, 67, 402, 5064.93, 3125.28]
[25632935, 90, -214, -36, -5, 67, 402, 5064.93, 3125.29]
[25642943, 38, -9, 8, 107, -1, -126, 5064.95, 3125.27]
[25652941, 53, 138, -17, 171, 67, 98, 5064.86, 3125.28]
[25662967, -55, -63, -4, -121, 15, -174, 5064.93, 3125.28]
[25672972, 6, 8, 24, -21, 19, 202, 5064.92, 3125.29]
[25682995, 6, -41, 21, 191, 31, -78, 5064.96, 3125.28]
[25692938, 0, 24, 6, -89, -77, 74, 5064.93, 3125.28]
[25702970, 8, -47, -15, -61, -17, -2, 5064.97, 3125.28]
[25712965, 13, 22, -5, -61, -5, 106, 5064.91, 3125.29]
[25722956, -4, -11, -10, -289, 59, 18, 5064.89, 3125.28]
[25733047, 21, 26, 14, -25, 191, 38, 5064.93, 3125.28]
[25743090, -15, 142, 32, -77, 119, -398, 5064.94, 3125.28]
[25752996, -14, 237, -2, -141, 79, 370, 5064.92, 3125.28]
[25762983, -64, -12, -24, -165, -241, -222, 5064.89, 3125.28]
[25772966, 9, 32, 23, -17, 59, 18, 5064.91, 3125.28]
[25782934, -60, 51, -98, -221, -445, -666, 5064.89, 3125.28]
[25792952, -155, -34, 19, -485, 315, 862, 5064.90, 3125.29]
[25803050, -145, -272, -199, -121, -221, -366, 5064.90, 3125.35]
[25812952, 7, 226, -439, -469, -25, 178, 5064.93, 3125.76]
[25822906, -167, -364, -286, 139, -29, -6, 5064.89, 3126.25]
[25833012, -167, -364, -286, 139, -29, -6, 5064.84, 3126.66]
[25843022, 3, 60, -388, -205, -61, 46, 5064.89, 3127.34]
[25852933, -79, -150, -835, -493, -117, 54, 5064.93, 3128.17]
[25862933, -162, -96, -969, -445, -161, 106, 5064.93, 3128.99]
[25872967, -236, -372, -744, -253, 151, -174, 5064.91, 3129.68]
[25882980, -110, -206, -494, 843, 127, -18, 5064.91, 3130.24]
[25892920, 31, -39, -314, 351, -229, -130, 5064.88, 3130.65]
[25902931, -8, 22, -1249, -513, -201, -166, 5064.89, 3131.67]
[25912944, 168, 249, -2580, -1577, -213, -22, 5064.94, 3134.21]
[25922939, 148, -58, -3895, -2985, -345, -302, 5064.90, 3137.25]
[25932929, -103, -382, -4294, -1037, -1549, -386, 5064.89, 3140.89]
[25942931, 205, -378, -3995, 1999, -1749, 14, 5064.90, 3145.72]
[25952973, 562, 636, -6706, -3101, -485, 906, 5064.90, 3151.48]
[25962900, 127, -148, -8998, -2789, -1681, -1278, 5064.92, 3159.46]
[25972941, 429, -811, -10352, -1005, -1001, -542, 5064.89, 3168.80]
[25982963, 122, 94, -13040, -3137, -1337, 134, 5064.91, 3180.84]
[25992957, 938, -519, -14677, -605, -1353, -1530, 5064.94, 3193.22]
[26002914, 739, 1186, -17426, -2285, -2309, -1854, 5064.97, 3205.51]
[26012984, -821, 1608, -17093, 1347, 3023, 2814, 5064.97, 3220.04]
[26022909, -821, 1608, -17093, 1347, 3023, 2814, 5064.87, 3233.50]
[26033873, 875, -668, -14996, 1955, 3935, -1766, 5064.97, 3245.21]
[26042993, 854, 500, -13077, -249, 2607, -654, 5064.86, 3258.01]
[26053017, -347, 320, -10553, 923, -677, 770, 5064.83, 3268.59]
[26062919, -316, -860, -7688, 4771, 283, -534, 5064.84, 3276.78]
[26072913, 369, -586, -5885, 4359, 783, 502, 5064.81, 3283.18]
[26082925, 868, -109, -3321, -105, 1827, -962, 5064.82, 3287.08]
[26092973, -529, 307, -1278, 3831, 1375, 990, 5064.92, 3289.64]
[26102922, 75, 89, -191, 1947, 603, -202, 5064.93, 3290.45]
[26112921, 71, 86, 35, 1023, 47, 686, 5064.95, 3290.47]
[26123016, 351, 385, 72, -185, -121, 66, 5064.93, 3290.46]
[26132981, 65, -40, 113, 39, 399, -150, 5064.94, 3290.48]
[26142913, 65, -40, 113, 39, 399, -150, 5068.36, 3290.48]
[26152971, 268, -8, 545, -153, 1067, 634, 5073.99, 3284.47]
[26162915, 1246, -149, 12014, 12591, 2991, -5494, 5078.39, 3282.71]
[26173013, 1882, 1947, 3313, -4057, -4521, 4038, 5078.60, 3283.88]
[26182916, -1253, -1500, -1897, -665, 1327, -3934, 5082.21, 3291.75]
[26192983, 1608, 2422, -4782, -3173, -1905, 6838, 5084.88, 3301.40]
[26202923, -961, -2403, -4906, -5425, 3471, 98, 5089.35, 3322.40]
[26212933, 251, 66, -11463, -4529, -205, 4430, 5099.59, 3339.58]
[26222932, -1495, -1501, -12252, 2103, 431, -4562, 5106.11, 3359.80]
[26232923, 1421, 32, -18593, -7525, -125, -342, 5116.37, 3466.09]
[26242935, -837, -1716, -22946, -3813, 435, -2130, 5136.06, 3496.49]
[26252919, 1252, 480, -19687, -4777, 3639, 826, 5163.95, 3528.55]
[26263092, 666, 485, -7866, -7689, -1249, 558, 5204.18, 3555.36]
[26272935, 2747, 1646, 4503, -8081, -2665, 2842, 5249.68, 3577.22]
[26283088, -583, 37, 13490, -6661, -1661, -1478, 5303.38, 3601.37]
[26292929, 137, -249, 17517, -5361, -1177, -2358, 5352.86, 3627.10]
[26302941, -552, -1076, 20792, -3593, -1325, -3362, 5419.19, 3652.15]
[26312960, -1048, -574, 25219, -4949, -1673, -2078, 5482.15, 3677.02]
[26322960, 361, 2048, 26831, -1749, -5861, 266, 5555.72, 3699.03]
[26332919, -1494, -1179, 28949, -3021, -961, -2918, 5626.37, 3718.16]
[26342937, -1494, -1179, 28949, -3021, -961, -2918, 5700.08, 3819.49]
[26352926, -1043, -152, 30058, -541, -1273, -3490, 5778.56, 3845.70]
[26362975, 1314, 1482, 31708, -1745, -2093, 1270, 5851.56, 3871.47]
[26373084, -983, -587, 32717, -4585, -4489, -4614, 5933.07, 3898.91]
[26382935, -2489, -111, 32717, -6505, -5405, -990, 6012.16, 3923.04]
[26392977, -1560, -2271, 32717, 1643, -5597, -1378, 6096.08, 3944.58]
[26402955, -1298, -917, 32717, -2781, -4865, -2118, 6182.28, 3969.43]
[26412896, -285, 446, 32717, -1369, -7597, 3122, 6272.84, 3997.05]
[26422935, 411, -80, 32717, -353, -6113, 822, 6363.44, 4022.85]
[26432914, -244, -406, 32717, -4257, -7957, 1718, 6437.26, 4047.88]
[26442902, -1212, 127, 32717, -765, -7497, -5278, 6527.00, 4070.18]
[26452954, -2978, -561, 32717, -2045, -8589, 2314, 6607.47, 4170.21]
[26462933, -846, 500, 32717, -3773, -8425, 4422, 6695.29, 4197.58]
[26472956, -139, -704, 32717, -873, -6073, 1222, 6779.40, 4229.14]
[26482911, -676, -114, 31544, -2729, -5013, -1002, 6841.86, 4258.44]
[26492957, 239, -883, 30262, 3447, -4817, 1358, 6940.12, 4288.92]
[26502915, -350, -4, 29024, -1065, -3913, -770, 7010.67, 4322.33]
[26512963, -888, -1429, 25463, 1027, -4593, 530, 7089.75, 4357.14]
[26522987, -1966, -1948, 22316, 2915, -1589, 778, 7156.49, 4395.51]
[26533347, -1257, -50, 19281, -601, -1729, 3430, 7235.46, 4425.07]
[26542967, -1211, -1030, 17367, 10059, 735, -2614, 7308.33, 4534.88]
[26552947, -1211, -1030, 17367, 10059, 735, -2614, 7371.11, 4568.64]
[26563021, -1482, 1141, 18065, -3049, -3493, -6218, 7442.68, 4602.82]
[26572920, -41, 4497, 15846, -1125, -7021, 922, 7500.95, 4637.90]
[26582936, -1864, -1152, 13606, -945, -2893, -6162, 7558.19, 4671.59]
[26592970, -1849, 150, 16355, -3577, -1453, 1898, 7634.43, 4706.11]
[26602959, -1849, 150, 16355, -3577, -1453, 1898, 7707.89, 4745.21]
[26612935, -144, -682, 17009, 3539, -413, -1734, 7780.92, 4777.29]
[26622965, -748, -858, 18753, 1595, -1781, -2526, 7864.92, 4882.03]
[26633021, 476, -133, 22706, -4005, -2929, 3230, 7950.74, 4912.22]
[26642965, -1180, 251, 25241, -4209, -3421, -1646, 8021.67, 4942.06]
[26652958, 1034, 1475, 28703, -1225, -4949, 2638, 8102.14, 4973.09]
[26663035, -287, -946, 31181, -2025, -3865, -3818, 8175.88, 5001.07]
[26672919, -1354, -566, 32717, 399, -6121, 882, 8255.04, 5025.82]
[26683015, -1866, -475, 32717, 415, -2837, 786, 8346.99, 5054.15]
[26692941, -1542, -221, 32717, 1359, -4277, 490, 8419.83, 5086.06]
[26702958, -956, -661, 30901, 3963, -6561, 978, 8500.57, 5114.47]
[26712970, 590, 502, 28529, 3647, -7137, 86, 8569.53, 5141.81]
[26722903, 843, 1625, 27120, -3725, -7897, -330, 8639.49, 5248.62]
[26732999, -575, 1208, 21989, 479, -6565, 994, 8708.65, 5280.06]
[26742901, -539, -1152, 17721, -281, -1229, 110, 8782.87, 5317.81]
[26753789, 8, -1416, 21103, 2795, -3937, 5382, 8856.57, 5355.28]
[26762929, 8, -1416, 21103, 2795, -3937, 5382, 8941.12, 5382.18]
[26773021, 1237, -1106, 25949, 791, 2711, -3042, 9038.17, 5415.26]
[26782942, -2585, -4409, 26403, 4091, 347, -2270, 9121.20, 5446.00]
[26793068, -1488, -4678, 31065, -8653, -9941, 1886, 9211.00, 5474.33]
[26803000, 20, -918, 32717, 3287, -9225, -6230, 9291.46, 5497.87]
[26812950, -223, 1489, 32717, 1871, -2597, -3546, 9382.92, 5517.39]
[26822934, -2931, -178, 32717, -5, -12149, 2, 9469.02, 5616.87]
[26832943, -3650, -482, 32717, -813, -11277, 3666, 9546.57, 5639.91]
[26842980, 441, 2038, 32717, 2947, -7685, 2370, 9633.58, 5663.43]
[26853130, 416, 907, 32717, -1649, -6505, -5102, 9702.21, 5690.26]
[26862942, -1860, -2090, 32717, 3179, -7673, 1050, 9786.74, 5716.51]
[26872936, -1088, -1551, 32717, -997, -4349, 1326, 9865.12, 5740.24]
[26883092, -2590, 516, 30430, 1011, -4881, 974, 9936.61, 5769.73]
[26892938, 51, -1588, 27331, 1367, -2417, 82, 10014.89, 5802.95]
[26902964, 51, -1588, 27331, 1367, -2417, 82, 10080.43, 5832.95]
[26912902, 700, -195, 26099, -609, -1789, 506, 10162.50, 5861.49]
[26922904, 1799, 384, 24478, 2175, -2641, -3042, 10229.25, 5967.87]
[26932931, 2353, 950, 25250, -569, -4533, 922, 10305.93, 5996.34]
[26942914, 1206, 413, 26025, -1445, -2113, 490, 10372.57, 6031.13]
[26952938, -304, 197, 23891, 739, -2589, 1622, 10441.85, 6066.01]
[26962963, -1007, 237, 20638, -2509, -2693, 3350, 10520.55, 6096.41]
[26972902, -1557, -1011, 16595, 6227, -773, -738, 10582.38, 6131.90]
[26982990, -1125, 381, 13780, -757, -1577, 394, 10649.27, 6168.92]
[26993061, -678, -1029, 11272, 2967, -3473, 1894, 10708.66, 6206.28]
[27002943, -134, -571, 9754, -2737, -2129, -2402, 10768.31, 6239.12]
[27012931, -16, -624, 7978, 1203, -1841, -782, 10828.71, 6350.55]
[27022987, -833, 872, 6961, 335, -785, 718, 10889.53, 6391.90]
[27033021, 397, 593, 7094, -3109, 911, 526, 10944.21, 6431.92]
[27042946, -859, 191, 6365, 247, -1209, -1754, 11005.65, 6466.98]
[27053292, 318, -1, 4860, 239, -105, 1822, 11061.84, 6509.21]
[27062942, 318, -1, 4860, 239, -105, 1822, 11121.33, 6549.88]
[27072932, -172, 62, 5563, -249, 455, -118, 11182.98, 6585.25]
[27082964, -441, 263, 7141, 2667, -4337, 2754, 11243.83, 6697.29]
[27092934, -266, -808, 8328, 4075, -1981, 1302, 11297.26, 6731.75]
[27103066, -1069, -181, 8368, -4253, -1037, -602, 11354.58, 6771.36]
[27112960, -546, -573, 6062, 871, -909, -3202, 11405.69, 6805.25]
[27122906, -731, -134, 1310, -3537, 2039, -4570, 11458.45, 6844.39]
[27132943, -731, -134, 1310, -3537, 2039, -4570, 11503.77, 6889.25]
[27142896, -1031, -1437, -6, 483, -797, -282, 11565.54, 6927.15]
[27152912, 835, 757, -457, 1347, -1253, 1770, 11617.77, 7041.75]
[27162924, 1965, 770, -166, -21, 211, 714, 11677.72, 7076.76]
[27172935, 427, 1070, 1307, 2303, -789, 298, 11732.70, 7119.39]
[27182985, 1407, -265, 3820, -4637, 831, 2202, 11789.34, 7159.21]
[27192921, -637, -703, 2611, -193, -305, -582, 11835.62, 7194.83]
[27202921, -565, -762, 1778, 579, -2469, -2058, 11881.72, 7237.16]
[27212932, -1533, 534, 572, 1043, -285, -3022, 11946.06, 7278.49]
[27222946, -562, 241, 79, -2209, 243, -410, 11993.06, 7310.09]
[27232913, -64, -59, -555, -1813, -3297, -4522, 12037.88, 7423.97]
[27242915, -412, -354, -1088, 2155, -2481, 2306, 12092.20, 7461.04]
[27252909, 342, 204, -708, -105, 943, 3774, 12140.54, 7400.63]
[27263005, 182, 37, -2572, 1439, 823, -3102, 12192.07, 7400.63]
[27272923, 182, 37, -2572, 1439, 823, -3102, 12241.47, 7400.63]
[27282949, -284, 391, -4770, 3931, 1019, -574, 12305.99, 7400.63]
[27292937, -230, 907, -2358, 1235, -513, -2330, 12366.42, 7400.63]
[27303038, -1342, -813, -1418, -365, 1091, -1826, 12417.46, 7407.66]
[27312958, -1653, -1101, 1130, -1349, -2185, -6718, 12472.01, 7442.74]
[27323016, -310, -949, 5150, 5707, -2297, -3550, 12518.23, 7477.88]
[27332932, -165, 841, 3726, 743, 1127, -1810, 12563.82, 7514.68]
[27342951, -1275, -1915, -1619, 963, 943, 850, 12601.30, 7551.54]
[27352929, -1242, -746, -3267, -45, 1299, -3990, 12661.69, 7589.99]
[27362956, 56, -474, -2780, -2957, 2591, -2802, 12715.08, 7630.65]
[27372950, -48, 978, 4413, 167, -2429, -6578, 12768.47, 7663.11]
[27382949, -1224, -36, -4239, 799, -1429, -1882, 12811.82, 7780.04]
[27392918, 158, -3243, -7812, -1189, 2811, 9122, 12856.29, 7824.75]
[27402989, 2015, -948, -6343, 3583, -4429, 3590, 12909.13, 7865.40]
[27412996, 492, 942, -1323, 2971, -1013, -4418, 12958.53, 7904.33]
[27422958, 653, -768, 3252, 2175, -1013, -5750, 13022.45, 7940.64]
[27432897, -960, -746, 3948, 915, -1401, 178, 13077.53, 7982.79]
[27442898, -332, 872, 3140, 2287, -849, 1658, 13122.79, 8018.60]
[27452923, 250, 1193, 1050, 95, 3475, -3458, 13176.92, 8127.66]
[27462915, -775, 680, 2359, 7239, -4221, 150, 13225.98, 8162.87]
[27472933, -775, 680, 2359, 7239, -4221, 150, 13272.17, 8200.70]
[27483068, 52, -385, 1904, 2375, -2237, 2742, 13317.84, 8234.06]
[27492952, 444, -417, -610, 2283, 971, 2858, 13384.64, 8269.22]
[27502896, 949, 137, -1575, 1371, 2679, -6282, 13439.97, 8304.21]
[27513103, 1444, 266, -196, 2571, 1187, -4578, 13514.72, 8344.12]
[27522979, 225, 1386, 413, -1553, -2493, 354, 13588.99, 8376.95]
[27533005, 1446, -285, -2269, 6527, -2569, 386, 13680.35, 8482.09]
[27542952, 218, 559, -1721, 5927, 1115, 4646, 13778.29, 8510.98]
[27552922, -424, 1189, -663, 1575, -5181, -2518, 13889.10, 8539.32]
[27562956, -269, 1262, 55, 4415, 1439, 4490, 14006.59, 8563.80]
[27573031, -466, 473, 524, 6427, 739, -1310, 14135.76, 8585.52]
[27582897, -407, 826, 2244, 6959, -469, 4398, 14233.38, 8604.30]
[27592935, 1204, 934, 1895, 17075, -1129, -510, 14344.23, 8619.94]
[27602939, -433, 186, 2678, 1691, 963, 1750, 14447.63, 8637.00]
[27612945, 3378, 1220, 3744, 9543, 3347, 2030, 14545.18, 8652.32]
[27622896, 345, 656, 3089, 1855, 1835, -1258, 14645.78, 8667.54]
[27632994, 5772, -3390, 7647, 12091, -5573, -1146, 14712.17, 8682.52]
[27643072, -3115, -1881, 18699, -3321, 7399, 4634, 14790.19, 8696.48]
[27652909, 7672, -394, 12610, 12459, -3961, -4182, 14848.98, 8706.60]
[27662937, 7672, -394, 12610, 12459, -3961, -4182, 14921.23, 8717.88]
[27672914, -2506, 975, 18477, -4849, -2853, 6314, 14972.10, 8727.76]
[27683010, -714, 2187, 23015, 155, -1817, -10622, 15021.93, 8739.93]
[27692951, 532, 1795, 15906, -4477, -6469, 206, 15059.22, 8756.05]
[27702926, -1793, -2717, 6674, -6585, 291, -4878, 15094.02, 8856.53]
[27712944, 1085, -2057, 2507, 1243, 2727, 10094, 15138.49, 8883.36]
[27722968, 1245, 890, 3703, -7085, -133, 5330, 15186.13, 8909.34]
[27732992, 801, 1514, 9406, -4953, -465, 1938, 15233.25, 8937.49]
[27742918, 801, 1514, 9406, -4953, -465, 1938, 15283.99, 8963.55]
[27752910, 285, -2258, 12093, -1873, -1437, -758, 15331.76, 8988.50]
[27762916, 190, -128, 11877, -4069, -2569, -498, 15387.63, 9018.56]
[27774598, -611, -795, 11500, -729, 1387, -646, 15437.70, 9052.95]
[27782949, 180, -754, 15311, 1151, -2361, 498, 15504.22, 9075.78]
[27792913, -1291, -1370, 18884, -3509, -469, 2974, 15558.71, 9099.94]
[27802925, -188, 1161, 16749, 807, -1233, -2342, 15618.80, 9200.73]
[27812952, -1453, 60, 14566, -3377, -2901, -258, 15674.16, 9227.13]
[27822978, 600, 361, 16654, -3165, -3717, -262, 15738.04, 9256.43]
[27832897, 1003, 802, 19646, -2737, -101, -594, 15793.13, 9283.86]
[27842912, -757, -443, 19835, -145, 607, -2102, 15862.69, 9311.99]
[27852921, 404, 429, 20558, -2337, -1277, -2350, 15930.88, 9339.35]
[27862971, 870, 1055, 22593, -145, -5109, -1694, 15996.11, 9365.57]
[27872964, -478, 174, 25360, -625, -145, -2190, 16074.24, 9397.04]
[27882953, -1226, -557, 26717, -3033, -3993, 402, 16141.04, 9428.78]
[27892922, -1463, 298, 28991, 979, -1541, 1122, 16221.88, 9453.06]
[27902960, -1025, 2263, 32717, -5013, -6145, -3602, 16297.29, 9477.14]
[27912911, 1307, 62, 32717, 711, -4761, -2042, 16381.03, 9580.73]
[27922987, -740, -2146, 32717, -3537, -6021, -7430, 16467.88, 9604.80]
[27932966, -740, -2146, 32717, -3537, -6021, -7430, 16543.52, 9632.16]
[27943006, -2202, -821, 32717, 1871, -5877, 338, 16638.81, 9658.36]
[27952908, -2108, -925, 32717, 963, -8393, -3826, 16719.37, 9678.93]
[27963562, -659, 588, 32717, -125, -6121, 2762, 16812.16, 9704.31]
[27972932, 18, 1288, 32717, -1249, -9941, -1258, 16886.77, 9726.54]
[27982915, -2288, -1167, 32717, 627, -7477, -5018, 16976.44, 9750.39]
[27992934, -1882, -523, 32717, 319, -4265, 342, 17061.72, 9777.93]
[28002984, -1882, -523, 32717, 319, -4265, 342, 17141.59, 9803.64]
[28013050, -1888, 459, 32717, -2449, -3993, 2250, 17224.91, 9824.87]
[28022963, -116, 788, 32717, 3111, -3853, -3366, 17299.31, 9930.15]
[28032896, -280, 994, 27746, -2165, -4729, 426, 17374.50, 9963.57]
[28042969, -53, 584, 21904, 675, -3953, 2798, 17445.29, 9998.10]
[28052933, 1091, 573, 18618, 1219, -4193, -1930, 17510.75, 10034.81]
[28062943, 299, -245, 17894, 667, -1437, -1050, 17581.36, 10068.17]
[28072992, -736, -401, 17102, -2589, -3137, 2242, 17635.59, 10107.65]
[28082957, -1360, -1260, 17138, -2457, -61, 2654, 17722.42, 10148.21]
[28093320, -884, -571, 17579, 2819, 351, 2954, 17787.50, 10178.16]
[28103007, -950, 1504, 19843, -201, -4705, -222, 17862.61, 10287.05]
[28112912, -298, 1145, 20749, -3309, -2061, -3894, 17928.68, 10319.79]
[28122985, -326, 1208, 21548, 643, -4977, -58, 17994.81, 10352.45]
[28132939, -2184, -557, 20104, 1231, -4273, -1262, 18070.83, 10387.09]
[28142916, -749, 181, 18662, -3477, -2397, 2066, 18134.34, 10417.29]
[28152963, 120, 531, 19099, 1615, -2905, -1706, 18210.36, 10451.94]
[28162997, 355, 635, 21541, -4549, -4029, -3638, 18280.97, 10490.25]
[28172913, -1009, -2296, 24981, 199, -1797, -1898, 18356.45, 10522.03]
[28182999, -651, 667, 24826, -653, 1075, 2854, 18433.52, 10551.43]
[28192969, -651, 667, 24826, -653, 1075, 2854, 18514.32, 10660.80]
[28202946, 1566, 23, 27337, 4575, -5549, 2170, 18591.49, 10690.92]
[28212923, -449, -115, 31629, -3745, -6485, -3518, 18673.44, 10724.89]
[28222925, -1837, -609, 32717, 1775, -3733, 46, 18762.78, 10754.64]
[28232929, -2095, -3855, 32717, 623, -3621, 166, 18841.46, 10780.40]
[28243060, -796, -309, 32717, -957, -6085, 2074, 18929.91, 10810.44]
[28252959, -1570, 252, 32717, -5197, -7345, -1022, 19010.56, 10842.34]
[28262916, 575, 749, 32717, -1521, -6445, 146, 19103.03, 10870.08]
[28272933, -1526, -1352, 32717, 827, -3685, 3498, 19193.71, 10895.30]
[28282957, 395, 299, 32717, -909, -3905, -1806, 19275.23, 10918.82]
[28292920, -2738, -420, 32717, 851, -3337, 902, 19367.96, 11021.01]
[28302934, -1469, -2068, 32717, -581, -621, 842, 19437.90, 11049.68]
[28312966, -555, 1426, 32717, 503, -9917, 686, 19544.96, 11078.90]
[28323004, 636, 1037, 32717, -437, -9061, -2254, 19635.30, 11109.38]
[28332988, -332, 808, 32717, -1541, -7705, -4106, 19718.81, 11137.98]
[28342915, -855, -512, 32717, -3549, -6613, 226, 19797.12, 11163.29]
[28352909, -3414, -5385, 32717, 679, -9241, -2566, 19899.13, 11190.10]
[28362943, -3420, 738, 32717, -3641, -6417, 5198, 19994.63, 11217.70]
[28372935, 2300, 1541, 32717, -1357, -16753, 410, 20089.35, 11241.63]
[28382897, 2300, 1541, 32717, -1357, -16753, 410, 20160.58, 11262.40]
[28392966, -3064, -1233, 32717, -2445, -6153, -2822, 20266.74, 11360.93]
[28402922, -1362, -478, 32717, 707, -9245, 1194, 20344.19, 11381.42]
[28412896, -2522, 559, 32717, 923, -8585, -2414, 20432.52, 11406.19]
[28423000, -2136, -1765, 32717, 1175, -9225, -1586, 20510.74, 11437.26]
[28432909, -1564, 64, 22830, -13, -3661, -2574, 20582.95, 11470.48]
[28444023, -692, 1470, 11648, 1263, -2329, -594, 20656.54, 11512.43]
[28452999, -692, 1470, 11648, 1263, -2329, -594, 20709.98, 11552.76]
[28462947, 683, 721, 7789, 127, -1077, 958, 20779.66, 11593.84]
[28472920, 275, 123, 8582, -3221, -821, 3650, 20838.28, 11630.92]
[28482950, 602, 464, 10399, -4861, -529, -2002, 20909.39, 11744.24]
[28492953, 13, -1215, 10094, 195, -3289, -1566, 20969.23, 11787.99]
[28502929, -1573, -262, 8379, 7647, -1157, 2122, 21034.85, 11830.61]
[28512936, 308, 495, 8473, 2591, -2713, -3306, 21102.07, 11865.48]
[28522962, -512, 241, 8045, 463, -3149, -3490, 21159.33, 11906.19]
[28532961, -365, -1305, 6267, 1027, -1121, -2058, 21216.07, 11945.72]
[28543025, -1368, -626, 5515, -617, -2909, 1446, 21275.81, 11981.92]
[28552949, -1368, -626, 5515, -617, -2909, 1446, 21334.69, 12094.69]
[28562961, -14, -442, 4828, 427, -41, -3386, 21386.55, 12131.35]
[28572965, -348, 440, 4893, 1271, 179, 1078, 21443.35, 12174.89]
[28582913, 929, 115, 2084, 2155, -3077, -722, 21494.56, 12211.67]
[28592910, 699, -17, 955, 1811, 451, -3634, 21550.58, 12253.62]
[28603050, 587, 334, 458, 2895, 2583, -2158, 21601.79, 12300.17]
[28612935, 1252, 631, 1250, 4919, 1595, -378, 21669.31, 12335.54]
[28622905, -433, -505, 4650, 1615, 939, 2258, 21724.58, 12447.61]
[28632953, 1400, 163, 6280, -281, -5021, 1434, 21783.91, 12484.26]
[28642969, 449, 427, 6026, 6683, -3301, 2382, 21834.26, 12521.27]
[28652992, -1243, -1620, 1952, -1957, -2077, -1930, 21886.25, 12559.36]
[28662980, -6, 127, -82, 927, 1847, 338, 21930.45, 12592.67]
[28673092, -54, 388, 467, 107, 2911, 3910, 21989.36, 12633.69]
[28682982, 698, 1896, -1595, -1073, -529, -5834, 22038.16, 12675.79]
[28692937, 1475, 496, -3362, 4051, 2971, -5378, 22096.44, 12708.16]
[28702926, 1475, 496, -3362, 4051, 2971, -5378, 22158.61, 12713.73]
[28712910, 397, -717, -5698, 2923, 2459, -610, 22241.77, 12713.73]
[28722927, -2137, 174, -5509, 6563, -2417, 1106, 22321.85, 12713.73]
[28732919, -1560, 170, -6274, 5515, -1585, -1386, 22427.32, 12713.73]
[28742961, -516, 291, -5322, 7131, -169, -2566, 22525.34, 12713.73]
[28752990, -2480, 511, -1453, 7659, 1595, -2906, 22619.81, 12713.73]
[28763018, -3131, -65, -1052, 8559, 4107, 2378, 22732.40, 12641.18]
[28772916, -1129, 584, -2430, 4363, 2083, -6114, 22833.37, 12662.95]
[28782982, 579, 2092, 1357, -3809, -37, 958, 22924.87, 12682.55]
[28792928, -408, -1530, -1718, 7575, 3595, -834, 23003.03, 12698.21]
[28802956, 1963, 6306, 9118, -24333, -585, 4230, 23072.83, 12713.21]
[28812956, -454, 544, 11237, -1785, 747, -5582, 23125.80, 12807.33]
[28822969, -4548, 467, 6729, -1961, -6253, 6946, 23164.75, 12828.18]
[28832913, 1351, 777, 5516, -6241, -4281, 818, 23205.00, 12850.66]
[28842992, -25, -624, 3049, -4465, 543, -2438, 23243.79, 12880.44]
[28853069, 187, -1870, 201, -1701, 847, -2706, 23286.70, 12910.84]
[28862968, 187, -1870, 201, -1701, 847, -2706, 23329.02, 12939.30]
[28872947, 511, -1636, -799, -1281, -1045, 1070, 23374.86, 12972.05]
[28882921, -46, 650, 3348, -4437, -2133, 1522, 23428.24, 13008.97]
[28893066, -30, -627, 4093, -1969, 2427, 2502, 23478.34, 13041.86]
[28902969, 372, -103, 2374, -1189, -2865, 2102, 23521.38, 13073.41]
[28912975, -285, -758, -1046, -2245, 2019, 2770, 23570.09, 13185.00]
[28922930, -1070, 962, 2461, -949, -465, 1422, 23615.07, 13218.64]
[28932914, -924, -187, 1791, -385, 1699, -6970, 23663.54, 13256.32]
[28942928, -840, -1113, -2052, -1901, 3283, -1026, 23706.08, 13288.64]
[28953092, -431, 315, -3268, -269, -685, -1114, 23755.57, 13325.04]
[28963052, 223, 1064, -2336, 1603, 1375, 2806, 23812.02, 13364.63]
[28972935, 734, 71, 166, -937, -729, -4442, 23870.80, 13398.84]
[28982914, 731, -425, -2033, 3383, -3613, 538, 23922.08, 13430.67]
[28992914, 731, -425, -2033, 3383, -3613, 538, 23976.05, 13541.77]
[29003763, 1672, 1000, -1773, -3697, -1917, 874, 24020.53, 13572.25]
[29013022, 1528, 1162, -184, -945, -2269, -3250, 24083.21, 13614.05]
[29022917, -1158, -1087, -2830, 3215, 1683, 878, 24142.08, 13645.95]
[29032914, 490, 1354, 1035, -3253, -1329, 4454, 24193.35, 13680.07]
[29042987, -854, 1679, 3186, -81, -865, -7566, 24240.39, 13717.17]
[29053013, -476, -319, 1629, -725, 1991, 766, 24293.68, 13750.84]
[29062901, 187, -591, 680, 1175, -1181, 2710, 24342.20, 13782.04]
[29072968, -516, 316, 688, -797, 1951, -1618, 24395.39, 13891.11]
[29082954, -975, 391, -558, -537, 599, -1586, 24443.30, 13922.06]
[29093620, -789, -1240, -861, 1815, 1295, -4046, 24500.91, 13955.56]
[29102989, 71, 760, 1503, 2571, 1143, 2442, 24554.52, 13993.04]
[29112991, 71, 760, 1503, 2571, 1143, 2442, 24606.97, 14023.59]
[29122948, 103, -83, 1073, -29, -3601, -2002, 24652.56, 14060.99]
[29132946, 485, -536, 543, -8101, -1097, 3330, 24702.47, 14099.49]
[29142912, -103, -993, 489, -165, -1241, -954, 24747.85, 14136.37]
[29152975, 100, 571, 1107, 4011, -325, 334, 24796.55, 14248.43]
[29162991, -537, -1065, 379, 555, 1303, 4174, 24841.85, 14282.82]
[29172932, -1237, -161, 1898, 4935, 2355, -1562, 24902.81, 14322.43]
[29182914, -834, 316, 2671, 947, -2493, 162, 24953.35, 14354.88]
[29192955, 16, 414, 2610, 335, -173, 2962, 25012.97, 14388.46]
[29202932, 84, 1374, 7727, -597, -1873, -566, 25070.65, 14422.70]
[29212956, 84, 1374, 7727, -597, -1873, -566, 25139.62, 14454.20]
[29222967, -1061, 1154, 14836, -6425, -1461, -5238, 25196.62, 14482.90]
[29232955, -596, 206, 22539, 1119, 11, 2754, 25283.27, 14507.23]
[29242942, 1400, 996, 25312, -5885, -5997, 1522, 25344.82, 14608.44]
[29253089, -347, 544, 24516, 551, -3517, -1302, 25418.72, 14635.81]
[29262897, 593, -1421, 22106, 2763, -1845, 4394, 25486.32, 14666.48]
[29272907, -1456, -1796, 23748, 791, 559, 4082, 25556.88, 14694.74]
[29282994, -983, 205, 23683, 627, 1587, -490, 25639.87, 14723.54]
[29292934, -721, 850, 25237, -1121, -6921, 1698, 25705.77, 14752.86]
[29302995, -1855, -413, 24197, -3485, -7129, 850, 25778.82, 14781.95]
[29312994, -2399, -392, 25017, -525, -5085, 3530, 25843.57, 14815.15]
[29322924, -2399, -392, 25017, -525, -5085, 3530, 25911.52, 14844.03]
[29332901, -1758, -1178, 26063, -281, -589, -250, 25986.67, 14866.25]
[29342942, 506, -168, 27042, 5003, 1803, 850, 26067.57, 14968.36]
[29352983, 293, 1186, 30238, -1481, -5289, 438, 26151.42, 14991.81]
[29362989, -1189, -1282, 32717, -4317, -4729, 862, 26224.21, 15013.97]
[29372939, 532, 73, 32717, -2241, -8853, -2334, 26306.44, 15038.79]
[29382910, -1105, -1066, 32717, 455, -685, -2606, 26376.84, 15063.89]
[29392912, 848, -202, 31721, -861, -4437, 3550, 26452.42, 15086.92]
[29402927, 117, -74, 29691, -237, -5577, 1238, 26529.03, 15112.66]
[29413092, -1315, -1483, 32717, 2027, -2981, 1994, 26611.50, 15140.99]
[29422920, -1315, -1483, 32717, 2027, -2981, 1994, 26702.94, 15168.15]
[29432941, -439, -854, 32717, -3605, -2573, 3790, 26779.66, 15195.44]
[29442930, -274, -790, 32717, -2233, -6325, -242, 26869.52, 15218.83]
[29453090, 554, 466, 32717, -3717, -3293, 3066, 26955.70, 15239.26]
[29463034, -747, 35, 32717, -2893, -7817, -1550, 27038.12, 15340.89]
[29472899, -2270, 535, 32717, -5209, -4549, -2722, 27124.28, 15364.55]
[29482911, -2882, -1320, 32717, 1475, -7493, 2010, 27200.44, 15392.27]
[29492946, -1621, 653, 32717, -941, -8585, -62, 27286.87, 15418.74]
[29503057, -197, 476, 32717, -2105, -4813, -2890, 27357.06, 15441.42]
[29512910, 759, 323, 32717, -3037, -9529, -2322, 27442.04, 15468.27]
[29523002, -1983, -778, 30095, 1379, -5645, -1158, 27515.03, 15501.81]
[29533114, -275, 1164, 19815, -2921, -4545, -298, 27580.74, 15540.82]
[29542912, -1839, -2527, 15562, 1839, -2809, 390, 27651.77, 15573.34]
[29553133, -1222, 279, 12268, -1397, -1429, 406, 27710.67, 15684.86]
[29564006, 737, 1650, 11995, -573, -2445, 2178, 27779.89, 15721.87]
[29572924, 737, 1650, 11995, -573, -2445, 2178, 27854.06, 15758.66]
[29582925, 1254, 1133, 15710, -1557, -4741, 534, 27926.39, 15792.21]
[29593061, -82, -2, 17690, 1207, -4597, 2346, 27989.95, 15827.35]
[29602998, -93, -2443, 18310, -2641, -1617, -3374, 28054.88, 15865.76]
[29614137, -2822, 2192, 18526, 2615, -1657, -318, 28120.50, 15903.21]
[29622933, -2822, 2192, 18526, 2615, -1657, -318, 28190.31, 15936.56]
[29632940, 1921, -1040, 13801, 5447, -673, -2498, 28263.35, 16044.93]
[29642934, -879, 1091, 15742, 1267, -689, 146, 28334.60, 16073.53]
[29652946, -530, 488, 17929, -1241, -1897, -3846, 28405.73, 16106.41]
[29662958, -305, -581, 20969, -1981, -5937, -726, 28478.06, 16136.95]
[29672931, 122, 541, 24445, 507, -7673, -1106, 28552.55, 16162.04]
[29683047, -735, 888, 27061, -2225, -3661, -3546, 28617.49, 16190.22]
[29692908, 410, -287, 25972, 55, -4685, -1570, 28694.31, 16218.71]
[29702914, 130, -246, 24946, -729, -3905, 1018, 28761.73, 16253.12]
[29712915, -95, -905, 25936, -1349, -3657, 2814, 28845.18, 16284.46]
[29722914, 194, -702, 26482, -581, 1007, 2842, 28927.07, 16308.88]
[29732969, -1506, 1724, 30357, -8721, -5133, 4058, 29002.52, 16414.62]
[29742953, -1506, 1724, 30357, -8721, -5133, 4058, 29082.04, 16444.88]
[29752916, 103, 1085, 31279, -425, -5421, 2170, 29148.69, 16475.34]
[29762903, -324, -229, 30912, -1293, -5993, -314, 29232.18, 16506.71]
[29772944, -1113, -24, 29540, 1095, -7509, -2270, 29299.69, 16536.84]
[29782946, -2371, -660, 25370, -2821, -3469, 2130, 29375.04, 16567.16]
[29792917, -1020, -133, 22084, -269, -3449, -2866, 29451.97, 16603.06]
[29802917, 133, -24, 24008, 963, -6329, 2958, 29521.47, 16635.51]
[29812908, 326, 1098, 28511, -737, -4265, -4190, 29612.37, 16658.51]
[29822904, -1749, -2944, 32717, -1029, -4581, -666, 29688.52, 16760.65]
[29832939, -3161, -4856, 32717, 4483, -2937, -14, 29776.47, 16783.15]
[29842918, -1651, -3121, 32717, 963, -1909, 4590, 29857.47, 16806.95]
[29852951, -916, -92, 32289, 319, -1081, -3294, 29965.04, 16834.66]
[29862943, -1275, 1642, 32717, 4223, -3829, 9734, 30052.95, 16860.85]
[29872966, 2469, 1963, 32717, 3095, -13625, -2794, 30129.93, 16883.27]
[29882901, -87, 1649, 32717, -349, -7569, -5374, 30209.02, 16909.06]
[29892920, -2948, 287, 32717, -3669, -8801, -1622, 30294.64, 16934.94]
[29902939, 226, -1454, 32717, -1549, -4289, 4478, 30365.79, 16966.42]
[29912934, -508, 826, 31649, -241, -5777, -1370, 30446.84, 16995.81]
[29922930, -899, -1331, 32717, -1045, -5569, 2618, 30521.10, 17017.66]
[29932936, -899, -1331, 32717, -1045, -5569, 2618, 30594.66, 17120.65]
[29942898, -1339, -586, 31876, -897, -3745, -3742, 30670.26, 17146.53]
[29952980, 220, -931, 27710, 2271, -5245, -1938, 30744.14, 17174.44]
[29962919, 1020, 337, 26536, -2433, -3593, -1566, 30810.44, 17206.06]
[29973097, -537, 967, 25660, 523, -6869, -2046, 30882.54, 17235.17]
[29982957, -1209, 162, 24107, 843, -2765, -758, 30950.68, 17262.90]
[29992972, -1453, 766, 18597, -3653, -297, 3590, 31019.44, 17296.65]
[30002939, 1061, -82, 16276, 4551, -2293, 1062, 31090.76, 17334.51]
[30012929, 1010, 1184, 18266, -329, -2401, 2590, 31155.35, 17366.39]
[30023030, 1483, 839, 18237, -3405, -1009, -1502, 31225.21, 17396.89]
[30032915, 707, -729, 16086, 2947, -589, 1822, 31280.98, 17507.55]
[30042920, 737, -2294, 11515, 2679, -2693, 2030, 31349.03, 17548.33]
[30052917, 204, -1224, 9729, 1335, -25, 4706, 31405.66, 17588.58]
[30062907, -969, -348, 9210, -2377, -1501, -4006, 31468.22, 17621.71]
[30072929, -1461, 893, 9787, 123, -1869, 1038, 31526.94, 17659.59]
[30082915, -1184, -2, 9355, -589, -2409, 742, 31591.33, 17700.79]
[30092941, -1408, 1425, 7547, 3063, -2885, -4082, 31641.76, 17734.34]
[30102967, -872, 74, 4791, 1199, 607, -438, 31705.60, 17845.96]
[30112923, 118, 1014, 4725, 2671, -1861, 1226, 31759.87, 17879.94]
[30122908, 2016, 753, 5912, 463, -1389, -3750, 31819.18, 17921.53]
[30132931, 2016, 753, 5912, 463, -1389, -3750, 31872.52, 17959.86]
[30142926, 1242, -318, 5879, -1489, -4585, 510, 31932.70, 17994.65]
[30152956, 528, 170, 7072, -3021, -1973, 34, 31989.84, 18038.06]
[30162985, -1084, -1345, 5103, -397, 459, 214, 32039.57, 18081.38]
[30172931, -1462, -839, 2806, -129, -3921, 2634, 32103.08, 18113.59]
[30183417, -832, 121, 1518, 3239, 1179, -4822, 32149.71, 18225.71]
[30192920, -726, -274, 2191, 1343, -1461, -2230, 32212.30, 18266.28]
[30202920, -603, 544, 2801, 4823, 1247, -1406, 32264.70, 18305.35]
[30212930, 460, 845, 3637, -301, -2997, -2766, 32320.40, 18340.56]
[30223004, -10, 820, 3208, -1213, -2757, -3478, 32365.55, 18375.75]
[30232956, 762, 718, -173, 1843, -741, -2678, 32422.23, 18419.88]
[30242950, 762, 718, -173, 1843, -741, -2678, 32469.08, 18455.12]
[30252917, 1499, -1027, -1728, 1223, 211, -1446, 32522.81, 18568.92]
[30263092, -319, -195, 1400, -361, 1635, -1658, 32572.22, 18608.05]
[30272916, -260, -287, 1797, 19, -449, -3658, 32627.31, 18646.69]
[30282942, -142, -181, 628, 895, -2085, -2546, 32676.00, 18684.73]
[30293516, -979, -603, 327, 3707, 1819, 2166, 32726.77, 18715.75]
[30302949, -728, -33, -1570, 103, -57, 3882, 32780.70, 18760.65]
[30312990, -664, 1167, -1995, -3821, -3161, 314, 32832.65, 18800.72]
[30322978, -378, 616, -1664, 551, -613, 1534, 32880.42, 18831.67]
[30332952, -1324, -30, -1745, 1855, 779, 4518, 32931.73, 18944.53]
[30342993, -1324, -30, -1745, 1855, 779, 4518, 32978.61, 18984.35]
[30352983, -25, 859, -838, 1355, -1841, -858, 33029.44, 19021.23]
[30362911, 680, -369, -647, -1777, 1523, -854, 33072.88, 19058.07]
[30372917, 1356, -1852, 49, -4309, -69, -1414, 33119.84, 19094.32]
[30382919, 286, -1216, 908, 371, 975, 6670, 33178.71, 19137.84]
[30392963, 907, 251, 522, -929, 1211, 306, 33234.14, 19174.85]
[30403045, -1408, -693, 455, 1715, -1829, 3450, 33280.15, 19284.31]
[30412966, -1095, -954, 1050, 107, -5013, 2470, 33339.45, 19318.91]
[30422962, -469, -1278, 7711, 2471, 3935, -1410, 33386.95, 19360.23]
[30432980, -435, 1987, 826, -4361, -6117, -1690, 33430.04, 19280.65]
[30442924, -82, -3033, -8062, -1569, 1471, 1966, 33469.57, 19280.65]
[30452908, 468, 672, -7457, 1031, 431, 5158, 33527.77, 19280.65]
[30462939, 1946, 1921, -2767, -4501, -933, -4746, 33576.71, 19280.65]
[30472948, 1931, 182, 1035, 1287, -3045, -2054, 33633.08, 19280.65]
[30482949, 203, -497, 2858, -1061, -3557, 2018, 33685.30, 19314.30]
[30492947, -214, 130, 2924, 791, -821, 2314, 33742.12, 19357.28]
[30502968, 216, 2053, 2814, 827, -3813, -354, 33790.38, 19393.72]
[30512897, 1161, 1108, 2976, 6027, 1231, -58, 33837.86, 19429.91]
[30523054, -894, -1115, 3755, -957, 567, 3534, 33899.78, 19467.86]
[30532962, -894, -1115, 3755, -957, 567, 3534, 33953.62, 19504.20]
[30542956, 598, -177, 1621, 3619, 379, 3522, 34000.31, 19537.91]
[30553117, 222, 322, 409, 1195, -9, 1294, 34059.28, 19646.18]
[30562952, 1040, -90, 2052, -433, -2733, -906, 34115.85, 19675.55]
[30572950, 121, 416, 3379, 3279, -3305, -154, 34180.69, 19710.61]
[30583046, 706, 1352, 898, 871, -129, 4214, 34254.26, 19744.54]
[30593009, 1635, 1355, -2221, 3671, -85, 1566, 34342.14, 19771.69]
[30602910, 1072, 898, -3719, 6687, -881, -1866, 34437.96, 19801.25]
[30612920, -176, 663, -3666, 5067, 3527, -1858, 34549.41, 19828.73]
[30622977, 587, 627, -2902, 5563, 995, -4422, 34668.46, 19857.12]
[30632917, 923, 1019, 2604, 1815, -3445, 62, 34764.73, 19879.46]
[30642928, 190, -95, 827, 5747, 2575, -1030, 34878.25, 19896.86]
[30652981, -242, -233, 8520, 8639, -12125, 1070, 34986.83, 19912.33]
[30662958, -5227, -821, 4098, 5699, -1477, -2426, 35080.06, 20004.46]
[30672896, -3169, 3939, 18012, 32735, -5681, 506, 35156.50, 20015.39]
[30682965, -6078, -4640, 14153, 8147, -881, -670, 35238.14, 20024.82]
[30692930, -935, -2038, 21647, -8877, 8979, -17250, 35295.45, 20034.17]
[30703000, -3575, 793, 20872, 2239, -2821, -15778, 35364.45, 20041.52]
[30712962, -3575, 793, 20872, 2239, -2821, -15778, 35405.80, 20050.05]
[30722924, 266, 1783, 21971, -13277, -7573, 598, 35444.12, 20061.53]
[30732963, -523, 1293, 21239, 827, -4029, -4086, 35475.80, 20080.58]
[30742913, -1625, 35, 8347, -1949, -5705, 11954, 35505.70, 20100.38]
[31572941, -400, 52, 3961, 3415, -2113, -4914, 41582.66, 23240.70]
[31582935, 1229, 921, 4672, -289, -2589, 2110, 41655.27, 23280.31]
[31592910, 183, -1930, 6236, -5605, 1351, 2310, 41713.62, 23320.12]
[31602924, -1686, -43, 8371, 1659, -2669, -1314, 41783.48, 23358.77]
[31612897, -2195, -2110, 10175, 3979, -3069, 3406, 41837.97, 23396.39]
[31622939, -799, 444, 5936, 39, -5821, 318, 41895.44, 23435.86]
[31632936, -436, -70, 2021, 231, -1145, -1206, 41946.28, 23479.44]
[31642921, -436, -70, 2021, 231, -1145, -1206, 42003.61, 23512.13]
[31652931, -693, 66, 364, 1659, -485, -326, 42056.37, 23628.76]
[31663025, -190, 648, 445, -2085, -1685, -3922, 42115.34, 23671.60]
[31672983, 870, -494, 454, -1197, 1599, -2294, 42180.87, 23708.67]
[31682918, 921, -220, 5229, 3291, 2575, 2078, 42243.36, 23746.64]
[31692928, 246, 421, 4250, -1453, -3273, 1338, 42297.59, 23784.74]
[31702981, 1294, 551, 3669, 275, -5333, -3226, 42355.51, 23827.66]
[31712991, -1797, 1044, 3588, 2979, -1589, 1122, 42404.73, 23863.47]
[31722952, -1733, 453, 1874, 3963, 551, -954, 42453.94, 23973.85]
[31732927, -652, 123, -1004, -337, 1275, 2310, 42507.64, 24013.53]
[31742940, -643, 767, -3619, 1999, -277, 3438, 42565.47, 24054.71]
[31752930, -121, 629, -4812, 3299, -1417, -930, 42623.55, 24088.38]
[31762902, -121, 629, -4812, 3299, -1417, -930, 42701.27, 24125.55]
[31772925, -808, -568, -7536, 6359, 727, 3454, 42789.43, 24163.04]
[31782914, -421, -298, -9438, 4983, -521, 4730, 42885.59, 24200.06]
[31792958, 250, 557, -8366, 7107, 1479, 430, 42987.40, 24229.26]
[31802963, 3147, 2373, -4742, -3813, -1301, 5182, 43096.50, 24332.05]
[31812924, 2045, -673, -3913, 6975, -2425, 42, 43195.27, 24359.08]
[31822910, 268, -283, -1106, 8671, 5539, -1914, 43307.32, 24384.65]
[31832969, 2347, 3016, 1, -6277, -229, 354, 43411.17, 24405.29]
[31842950, -2450, 3735, 16456, 32735, -5289, -3802, 43476.79, 24423.58]
[31852954, -5933, 1674, 13954, 4111, 1863, 94, 43542.84, 24440.56]
[31862897, 2141, -1395, 14425, 4679, -2989, 298, 43586.02, 24456.45]
[31872927, 2141, -1395, 14425, 4679, -2989, 298, 43625.42, 24479.42]
[31883044, -580, -2269, 8378, -5645, -173, -3866, 43660.59, 24508.57]
[31893004, -1273, -3606, 374, 1383, 495, -806, 43701.57, 24538.07]
[31902897, -897, -617, -1181, -3637, 635, 2138, 43745.10, 24566.00]
[31912961, 724, 875, 4774, -2741, 1119, -5290, 43789.30, 24589.99]
[31923000, -1193, -419, 5913, 2891, -2577, -2642, 43836.20, 24694.04]
[31932935, -1086, -1293, 1246, -5845, 655, -2158, 43872.45, 24727.81]
[31942963, 853, 834, -3116, -5813, -249, 1006, 43918.05, 24765.16]
[31953003, 1732, 360, -2014, -3445, 223, -5090, 43971.73, 24795.32]
[31962928, 291, 651, 2508, 243, 783, 3734, 44024.24, 24827.93]
[31973458, -922, -247, 3195, -7365, 1715, -42, 44061.91, 24859.90]
[31982982, 353, 114, -4073, -2769, -2065, 5006, 44112.54, 24906.14]
[31993091, -344, -323, -2270, -1105, 1931, -4126, 44157.96, 24940.65]
[32002923, -1929, -64, -500, 2951, -293, -2238, 44215.80, 25048.13]
[32012911, -483, 210, 312, -437, 1039, 1866, 44264.74, 25082.10]
[32022942, -1304, -595, -2556, 3311, 3147, 1174, 44328.09, 25119.57]
[32032920, 824, 884, -1595, -2445, -2545, 286, 44375.07, 25150.64]
[32042921, -779, 318, -750, 2359, -109, 2814, 44428.61, 25182.49]
[32052917, 804, 1473, -113, -201, 463, 2834, 44479.35, 25213.09]
[32063088, 913, 955, 459, -2681, -833, -2650, 44532.45, 25248.16]
[32072922, 913, 955, 459, -2681, -833, -2650, 44576.40, 25286.70]
[32082993, 245, 72, -1407, -3229, 1447, -5550, 44627.34, 25315.85]
[32093018, 753, 96, -1222, 2083, 15, 2138, 44681.39, 25427.66]
[32102936, -206, 1327, 1738, -1345, -897, -3526, 44736.80, 25465.28]
[32112900, -854, -326, 1398, 1679, -1493, -4102, 44785.41, 25499.53]
[32124537, -204, 32, 1384, -273, -49, 702, 44847.23, 25538.10]
[32132921, -578, -559, 2712, -3717, 447, 70, 44892.54, 25565.97]
[32142909, 549, -219, 977, 1639, -501, -634, 44947.44, 25600.21]
[32153046, -1074, 436, 452, -3237, -357, -4594, 44991.31, 25636.93]
[32162961, -734, -140, -289, 703, 1027, -958, 45047.73, 25665.45]
[32172974, -65, 97, 979, -341, 187, -1618, 45092.27, 25775.15]
[32182953, -65, 97, 979, -341, 187, -1618, 45141.17, 25811.32]
[32192936, 210, 33, 676, -3165, -905, -1566, 45185.37, 25847.20]
[32202965, 1115, 208, -258, -1069, 827, 722, 45235.45, 25883.86]
[32212914, 945, -524, 14, -1769, 1203, 2746, 45280.86, 25921.57]
[32222943, 239, -1468, -657, -3125, -885, 2154, 45332.66, 25960.77]
[32232948, 705, -415, 282, 1627, 3447, 834, 45393.74, 26001.10]
[32242920, -466, -428, 4598, 2827, 763, 5454, 45461.51, 26029.85]
[32252914, 21, -844, 6738, 6275, -73, -2426, 45534.39, 26138.43]
[32262946, 620, 368, 12645, -1993, 1815, 4302, 45623.57, 26166.36]
[32272948, 523, 596, 22981, -16365, -2209, -9494, 45696.70, 26189.79]
[32282953, 523, 596, 22981, -16365, -2209, -9494, 45765.90, 26211.02]
[32292981, -3167, 438, 32717, -1757, -6517, -834, 45831.71, 26226.84]
[32302961, -332, 127, 32499, 7375, -5617, 346, 45888.76, 26237.99]
[32313069, -1368, -2710, 31677, 779, -2705, 942, 45953.01, 26245.55]
[32322955, 766, -1042, 32717, -4237, 59, 682, 46005.33, 26256.35]
[32332947, 276, 2316, 29429, -12805, -10665, 8894, 46055.84, 26264.00]
[32342953, -3655, 1949, 29280, -3725, -2197, 3566, 46105.90, 26251.47]
[32353016, -1895, -1343, 32717, 22887, 2387, -5794, 46155.26, 26236.49]
[32362936, -326, -66, 32717, 17535, -3285, 4466, 46180.02, 26241.16]
[32372908, 2964, 3698, 22396, 987, -7165, 2798, 46193.96, 26229.27]
[32384687, 1045, -3651, 22437, 24679, 7935, -6274, 46218.50, 26212.15]
[32392901, 3276, -493, 24295, 4535, -4237, 2542, 46230.50, 26201.08]
[32402937, -932, 525, 22565, 8299, -2397, -4250, 46240.83, 26184.50]
[32412941, -441, 2292, 22423, 2219, 5703, -3114, 46244.38, 26169.24]
[32422964, -1359, -3946, 7126, 16419, 3435, 934, 46228.32, 26154.25]
[32432925, -1889, 3931, 11352, -4805, 2951, 1430, 46234.00, 26137.94]
[32442938, -1889, 3931, 11352, -4805, 2951, 1430, 46218.77, 26123.09]
[32452955, 3538, -707, 11724, 3035, -1649, -430, 46206.89, 26032.81]
[32462923, -1008, 1291, 3991, -3393, 2791, 1790, 46201.52, 26024.15]
[32472955, 2902, 985, 1874, -9937, -33, -2866, 46193.75, 26018.34]
[32482920, -786, -535, -869, -8713, -2213, -2522, 46187.91, 26015.51]
[32492932, 634, -25, -1213, -6253, 2163, 698, 46186.16, 26014.07]
[32502950, -346, 236, -129, -8233, 71, 246, 46186.15, 26014.07]
[32513003, -694, -1320, 94, 363, -157, -1374, 46186.42, 26014.14]
[32522916, 166, 384, 111, 1087, 375, 1878, 46186.43, 26014.14]
[32533099, 117, 237, -61, -201, 199, -1246, 46186.42, 26014.13]
[32542917, 117, 237, -61, -201, 199, -1246, 46186.42, 26014.14]
[32552921, -130, -201, -48, -69, -33, 590, 46186.40, 26014.12]
[32562913, -3, -10, -4, -85, 31, -186, 46186.44, 26014.15]
[32572918, 84, 56, -6, -105, 87, 130, 46186.42, 26014.14]
[32582988, -114, -116, 24, -101, 199, -302, 46186.40, 26014.14]
[32592917, 43, 67, -16, -77, 31, 106, 46186.42, 26014.15]
[32602914, 21, -32, 8, -109, 15, -238, 46186.38, 26014.15]
[32612936, -29, 39, -1, -25, 115, -14, 46186.44, 26014.11]
[32622956, 0, -2, -42, -285, -37, -58, 46186.43, 26014.15]
[32632917, 0, -2, -42, -285, -37, -58, 46186.43, 26014.14]
[32642914, -32, -15, 8, -37, 43, -166, 46186.41, 26014.15]
[32653086, 13, 32, 2, -49, 127, 190, 46186.40, 26014.15]
[32662917, -27, -10, -44, -41, 39, -2, 46186.42, 26014.16]
[32672921, -1, -22, 9, -281, 59, -70, 46186.41, 26014.17]
[32682910, 8, -26, -12, -261, 71, -66, 46186.41, 26014.15]
[32692926, 24, 43, 20, -93, 35, -86, 46186.40, 26014.16]
[32702993, -4, -27, -16, -81, 19, 178, 46186.39, 26014.15]
[32713082, -20, -28, -11, -109, 27, -2, 46186.40, 26014.18]
[32722922, -20, -28, -11, -109, 27, -2, 46186.41, 26014.14]
[32732921, -17, -43, 16, -77, -21, -66, 46186.42, 26014.20]
[32742961, -17, -5, 10, -49, 59, -6, 46186.42, 26014.15]
[32752909, 11, -15, 24, -97, 67, -234, 46186.43, 26014.14]
[32762928, 25, -6, 0, -65, 59, 74, 46186.46, 26014.17]
[32772927, -8, -12, -38, -85, 63, -66, 46186.41, 26014.15]
[32782996, -22, -18, -47, -237, 63, 34, 46186.44, 26014.13]
[32792998, -16, -21, 22, 187, 31, 42, 46186.44, 26014.13]
[32802918, 16, -15, -1, -53, 55, -54, 46186.43, 26014.12]
[32813003, 16, -15, -1, -53, 55, -54, 46186.46, 26014.13]
[32822974, 0, -35, 2, -261, 11, 6, 46186.43, 26014.13]
[32832901, -23, -31, 0, -1, 75, -58, 46186.45, 26014.10]
[32842915, 33, 20, 8, -61, -13, -18, 46186.47, 26014.15]
[32852956, 15, -9, 10, -73, -25, -50, 46186.46, 26014.11]
[32862921, -4, -18, 0, -29, 31, 18, 46186.41, 26014.12]
[32873006, -7, -15, 0, -57, 43, 134, 46186.46, 26014.14]
[32882902, 1, -25, -3, -25, 31, -62, 46186.42, 26014.13]
[32892935, -38, 9, -15, -73, 55, 174, 46186.46, 26014.13]
[32903004, 7, 20, -31, -109, 55, -86, 46186.45, 26014.15]
[32912949, 29, 10, -5, -53, 111, 58, 46186.45, 26014.14]
[32922909, 11, -11, -13, -77, 67, -130, 46186.46, 26014.13]
[32932913, -14, -16, -22, -89, 51, 26, 46186.46, 26014.13]
[32943005, 6, -1, -18, 147, 39, -14, 46186.47, 26014.12]
[32952912, 11, -31, -41, -277, -5, 154, 46186.46, 26014.12]
[32962956, 20, 7, -14, -41, 91, 62, 46186.47, 26014.14]
[32972984, 11, -21, 13, -77, -1, -10, 46186.46, 26014.14]
[32982958, -1, 1, 18, -45, 123, 146, 46186.47, 26014.13]
[32992952, -21, -9, -14, 203, 51, -34, 46186.47, 26014.19]
[33003002, -21, -9, -14, 203, 51, -34, 46186.45, 26014.16]
[33012935, 31, -1, -6, -157, 27, -42, 46186.42, 26014.12]
[33022970, -15, -9, 21, -277, 55, 86, 46186.46, 26014.16]
[33033071, -33, -1, 14, -69, 95, -22, 46186.45, 26014.16]
[33042932, 38, -15, -8, -45, 83, 30, 46186.48, 26014.14]
[33052969, -4, -2, -40, -73, 51, -78, 46186.43, 26014.14]
[33062978, 9, 2, -11, -113, 43, -30, 46186.44, 26014.11]
[33072897, -7, -5, -16, -21, 71, -42, 46186.48, 26014.11]
[33082943, 4, -6, 31, 3, 67, -90, 46186.46, 26014.11]
[33093191, 4, -24, 34, -65, 83, -118, 46186.44, 26014.16]
[33102994, -13, 3, 11, -65, 11, 26, 46186.46, 26014.13]
[33112922, -13, 3, 11, -65, 11, 26, 46186.46, 26014.14]
[33122936, 44, 26, 12, -49, 35, 182, 46186.44, 26014.13]
[33132951, 31, 17, -31, -49, 47, 194, 46186.46, 26014.12]
[33142936, -6, -22, -38, -57, 23, 42, 46186.44, 26014.15]
[33153046, 8, 0, -3, -69, -53, -18, 46186.42, 26014.14]
[33162982, -16, 0, -30, -93, 7, -22, 46186.45, 26014.13]
[33172919, 34, 15, -22, -249, 55, -42, 46186.43, 26014.14]
[33182960, -56, -3, -5, -41, 3, -30, 46186.45, 26014.14]
[33193003, -29, -29, 9, -57, -21, 34, 46186.44, 26014.13]
[33202949, -12, 21, -33, -45, 83, 26, 46186.46, 26014.10]
[33212995, 29, 18, -15, 191, 15, -2, 46186.45, 26014.12]
[33222909, 29, 32, -7, -17, 67, 62, 46186.47, 26014.15]
[33232982, 10, 10, -18, -73, 55, 18, 46186.43, 26014.15]
[33242966, 5, 10, -6, -69, -21, -10, 46186.41, 26014.11]
[33252979, -23, -21, 50, -85, 75, 38, 46186.42, 26014.11]
[33262909, -23, -21, 50, -85, 75, 38, 46186.43, 26014.17]
[33272998, 17, -8, -27, -257, 71, -50, 46186.43, 26014.16]
[33282939, 28, 8, -15, -61, 43, 106, 46186.41, 26014.17]
[33292962, -7, -14, -5, 195, 11, -46, 46186.43, 26014.16]
[33304720, 2, 1, -22, -89, 87, 18, 46186.41, 26014.12]
[33313010, -2, 9, 4, -33, 63, -86, 46186.40, 26014.12]
[33322918, -23, -21, -33, -117, 75, 190, 46186.39, 26014.14]
[33332955, 26, 4, 9, -141, 63, -14, 46186.41, 26014.13]
[33342940, 35, 32, -7, 43, 87, -50, 46186.41, 26014.16]
[33352941, -43, 6, 0, -1, 35, -106, 46186.41, 26014.16]
[33362929, -43, 6, 0, -1, 35, -106, 46186.43, 26014.16]
[33372966, 18, -20, -288, -57, 47, -6, 46186.39, 26014.12]
[33382942, 12, -7, 23, -25, 67, 6, 46186.43, 26014.12]
[33392976, -2, 5, 4, -65, 31, -2, 46186.41, 26014.14]
[33402977, 20, -5, -9, -21, 95, 134, 46186.40, 26014.16]
[33412897, -19, 35, -30, -89, 83, 10, 46186.42, 26014.14]
[33422944, -15, -15, -17, -53, 35, -146, 46186.38, 26014.13]
[33432960, 2, 18, -8, -53, 47, 46, 46186.41, 26014.13]
[33442919, 12, 7, 16, -49, 3, -94, 46186.39, 26014.12]
[33452943, -12, 2, -13, -73, -33, -98, 46186.39, 26014.12]
[33462919, -33, -7, 1, 11, 91, 14, 46186.41, 26014.14]
[33472901, -18, -27, 19, -49, 47, -298, 46186.40, 26014.12]
[33482912, 32, -4, 8, -93, 63, -110, 46186.38, 26014.18]
[33492916, 9, -11, -19, -105, 15, 10, 46186.40, 26014.15]
[33502943, 37, 21, 0, -277, 23, -302, 46186.35, 26014.17]
[33512964, -20, 11, 4, -69, 43, -58, 46186.41, 26014.15]
[33522927, 25, 11, 6, -61, 31, 166, 46186.44, 26014.17]
[33532983, 11, -1, -18, -1, 51, 26, 46186.40, 26014.13]
[33542935, 27, 2, 22, -73, 71, -6, 46186.41, 26014.14]
[33552934, -9, 15, -19, 151, 79, -6, 46186.43, 26014.15]
[33562933, -9, 15, -19, 151, 79, -6, 46186.40, 26014.14]
