[24282908, -36, -39, -27, -204, 15, -94, 0.00, 0.00]
[24292920, -36, -39, -27, -204, 15, -94, 0.00, 0.01]
[24302953, 6, 2, 13, -148, -185, -30, 0.00, -0.01]
[24312916, 11, -11, -8, -188, 75, -86, 0.03, 0.01]
[24322905, -17, 35, 36, -168, -205, -22, 0.01, 0.06]
[24332913, 3, 11, 12, -156, 99, -90, 0.00, 0.09]
[24343040, -31, 4, 16, -156, 39, 62, 0.01, 0.00]
[24353094, 42, 10, -8, -120, 19, -70, 0.01, 0.00]
[24362926, -2, -37, 47, -192, 79, -6, 0.02, -0.01]
[24372908, -17, 60, -6, -192, 31, -86, 0.00, -0.02]
[24382915, -26, 21, 24, -124, 83, 14, 0.02, 0.01]
[24393066, 0, -1, -4, -164, 79, -18, 0.01, 0.07]
[24402913, 10, -2, -3, -144, 35, -18, 0.01, 0.09]
[24412993, -1, 6, 40, -164, 79, -202, 0.02, 0.08]
[24422933, -56, -9, 33, -144, 63, -94, 0.01, 0.07]
[24432909, -15, -4, -6, -156, -17, -6, 0.00, 0.01]
[24442963, 19, -12, 31, -160, 47, 178, 0.00, -0.00]
[24452971, 5, -12, 40, -476, 103, -2, 0.02, 0.00]
[24462919, 5, -12, 40, -476, 103, -2, -16.21, 0.16]
[24472954, -15, -618, -877, 1580, 919, -2770, -20.03, 1.61]
[24482976, 248, -579, -1846, -760, 487, 3910, -21.58, 2.07]
[24493103, -625, 1, -451, 476, -445, -3734, -18.29, 2.43]
[24502918, 389, 202, 538, 56, -345, 2630, 7.10, 4.34]
[24512966, -380, 2039, 6951, -11588, -1757, 802, 45.87, 9.99]
[24522959, -2167, 48, 1175, -9432, 43, -5026, 90.09, 18.17]
[24532933, -5237, -3095, 4672, 3484, 223, -2118, 130.14, 32.70]
[24542919, 1508, -1543, -1360, -8736, 4059, 6146, 180.36, 56.28]
[24552913, 2679, 1681, 1275, -11996, 2987, 6818, 218.86, 75.33]
[24562972, -1601, -564, 2765, -13428, 3279, -4910, 266.40, 96.84]
[24572912, 2347, 744, 5521, -6792, -749, 3118, 311.30, 119.49]
[24582964, 1155, 143, 5509, -10648, -5037, 1030, 360.01, 222.78]
[24592994, -297, -316, 1657, -7004, 3931, -2522, 406.56, 257.61]
[24602963, -675, -862, -355, -860, 1651, -2750, 455.88, 295.73]
[24612919, 785, -774, 3833, -1676, 311, -1370, 522.75, 327.79]
[24622947, -1003, -505, 8232, 980, -393, 3046, 589.24, 363.30]
[24632990, -184, 290, 7069, -112, 147, 1226, 645.58, 401.63]
[24642934, 508, 461, 2499, -6448, -417, 2894, 703.11, 444.74]
[24652922, -1168, 288, 112, -2204, 71, -1482, 754.91, 481.26]
[24662999, -1168, 288, 112, -2204, 71, -1482, 814.06, 596.14]
[24672935, -1204, -160, -30, -3224, 1359, 1630, 876.72, 641.28]
[24683002, 640, 853, 2106, -5344, 3631, -1198, 939.58, 679.81]
[24692982, -279, 733, 2341, 2140, 911, -6658, 995.88, 723.40]
[24702956, 404, 1255, 410, -5048, -645, 2458, 1059.45, 774.44]
[24712937, 720, -1374, -1802, -1952, 587, -974, 1118.08, 817.47]
[24722931, 112, -1737, -1970, 160, -497, -10, 1197.44, 936.66]
[24732931, -1275, -190, -3940, 3944, 51, -3030, 1282.20, 980.36]
[24743022, 1120, 1386, -2012, 4644, 479, 2542, 1350.80, 1026.87]
[24752958, -1733, -1691, 687, 7888, 1967, -618, 1422.49, 1064.23]
[24763004, 2515, 1148, 8337, -2656, -3569, 2670, 1479.56, 1107.94]
[24772915, -3362, -1722, 3806, -1704, 63, -1142, 1531.73, 1158.80]
[24782899, -660, 540, -2914, -1548, 1499, 230, 1597.35, 1198.56]
[24792934, 1323, 2117, -5939, -3108, -389, -1810, 1661.48, 1325.36]
[24803022, 1343, 1228, -2848, 3400, 1611, 398, 1726.52, 1374.42]
[24812897, 930, -424, 2385, -3576, -2149, -5414, 1797.77, 1420.87]
[24822958, 930, -424, 2385, -3576, -2149, -5414, 1860.47, 1472.19]
[24832918, -1989, -1190, 3582, 3316, 911, -4538, 1934.00, 1520.95]
[24842927, -18, -473, 974, 2380, 1751, 2790, 1993.22, 1563.52]
[24852930, -301, 72, 252, -1668, -1757, 562, 2059.64, 1683.44]
[24862941, -118, 1150, 1984, 2688, 1331, -526, 2121.41, 1733.59]
[24872928, -1524, 516, 1997, 944, 643, -2026, 2185.75, 1776.45]
[24882928, 252, 1663, -3011, -1436, 1627, -2010, 2252.25, 1828.29]
[24892950, 3244, 1103, -8369, 10588, 2823, 1678, 2329.59, 1883.43]
[24902912, 1876, 1357, -11805, 7340, 1431, -2446, 2421.58, 1922.92]
[24913096, -2370, -1323, -10595, 292, 1599, -982, 2516.05, 2045.01]
[24922897, 8, 942, -6838, -5488, 5751, -778, 2612.51, 2087.05]
[24932928, -592, 776, -4729, 8996, 1495, -3066, 2735.02, 2126.55]
[24942911, 556, 2335, 1596, 756, -3585, -1526, 2824.13, 2162.43]
[24952941, -706, 1733, 11327, 5228, 967, 8538, 2903.50, 2196.46]
[24962951, 149, -157, 14383, 712, -233, 6610, 2960.93, 2235.09]
[24972902, 1174, -2567, 6347, -4620, 123, -2566, 3024.76, 2267.24]
[24982913, 251, -2541, -1842, -4124, 315, -3914, 3076.69, 2385.75]
[24992901, 1825, -950, -1711, -5672, -1241, 262, 3136.89, 2432.54]
[25003060, 3433, 1405, 4885, -8048, -1217, 4454, 3205.38, 2474.82]
[25013102, 1219, -1901, 5439, -4412, -2097, -1178, 3263.85, 2518.36]
[25023035, 1219, -1901, 5439, -4412, -2097, -1178, 3324.13, 2566.73]
[25032915, -2735, -964, 438, -3700, -1977, -518, 3386.58, 2616.48]
[25042912, 1024, 596, -3379, 6188, 2491, 4154, 3454.84, 2734.11]
[25053330, -87, -2, -1235, 4036, -2209, -2790, 3520.21, 2782.63]
[25062964, -705, -729, 2161, -20, 2879, 122, 3590.15, 2830.53]
[25072915, -595, 751, 1373, -180, -2565, -3282, 3649.58, 2871.20]
[25082967, -1547, -202, -1536, 4736, 3439, 2422, 3719.50, 2923.57]
[25093020, 1427, 1119, -3224, -2676, 1251, 3750, 3777.35, 2970.22]
[25102911, 2147, 1117, -2213, 1756, 647, 3966, 3845.85, 3090.88]
[25112924, 862, 523, 8, -3000, 783, -1510, 3915.01, 3135.12]
[25122998, -240, -139, 480, 588, 1951, 2446, 3988.34, 3185.77]
[25132936, -88, 178, 288, -212, -1405, -1714, 4053.63, 3230.24]
[25142921, -1643, -1301, -686, 812, 1779, -654, 4136.92, 3275.03]
[25153053, 1161, 1932, 3382, -6940, -193, -1390, 4204.22, 3322.88]
[25162913, -1262, -299, 4144, -2684, 615, -3198, 4265.44, 3358.93]
[25172946, -1262, -299, 4144, -2684, 615, -3198, 4330.21, 3481.50]
[25182905, -799, -1166, 2159, -4036, -837, -338, 4382.63, 3535.37]
[25192952, -653, -502, -3015, -2780, -781, -3062, 4452.73, 3579.91]
[25203080, 1097, -1144, -3484, 136, 2763, -4846, 4515.93, 3633.53]
[25212998, 1070, 976, -1175, -172, 379, -538, 4589.08, 3683.69]
[25222920, 262, -559, 2514, -2520, 963, -2098, 4654.53, 3804.82]
[25232908, -1440, -88, 4268, -10128, -1337, 2818, 4726.57, 3848.11]
[25242945, -1233, -1063, 5542, -576, 1239, 470, 4802.38, 3897.59]
[25252970, 236, -237, 14443, 5868, -6705, 190, 4884.40, 3934.59]
[25262968, 737, -1749, 23685, 8964, -4597, -502, 4970.03, 3967.51]
[25272914, -1542, 2794, 29951, 2684, -8177, 1230, 5050.63, 4001.16]
[25282965, -809, -1973, 32689, 12472, -7385, 4258, 5135.01, 4030.83]
[25292979, -627, 1105, 32689, 2096, -8757, -3206, 5221.51, 4051.52]
[25303061, 203, 1010, 32689, 11652, -9677, -558, 5309.00, 4073.01]
[25312918, -853, -902, 32689, 952, -8361, -8554, 5394.07, 4168.60]
[25322926, -1631, -2361, 32689, 9580, 1495, 2206, 5459.95, 4187.18]
[25332926, -942, -608, 32689, 1256, -7661, -938, 5537.14, 4203.30]
[25342912, -1984, -3260, 32689, 17080, 2475, 458, 5598.71, 4220.78]
[25352932, 1124, -1118, 32689, 2079, -6433, -8034, 5660.78, 4229.45]
[25362948, 1115, 1620, 30634, 7008, -10217, -578, 5714.67, 4232.89]
[25373057, 1115, 1620, 30634, 7008, -10217, -578, 5769.25, 4235.36]
[25382910, -3662, -3000, 31153, 14588, -885, 9430, 5812.69, 4222.49]
[25392998, -6653, -1935, 32689, 15312, -3493, -4962, 5848.97, 4230.00]
[25402938, 1184, 6602, 17922, -11456, -6825, 9226, 5881.47, 4210.45]
[25412926, -2956, -4820, 22168, 24560, 1151, -1238, 5907.00, 4178.66]
[25423024, 2249, -66, 29098, 6048, -3509, 5130, 5928.46, 4165.58]
[25432945, 4663, -146, 31890, 17264, -8209, -5754, 5948.25, 4069.56]
[25442902, 818, 543, 28142, 27644, -7721, -202, 5966.32, 4052.21]
[25453028, -1592, 2425, 25841, 12456, 8875, 4054, 5950.95, 4033.79]
[25462945, -1945, -3830, 9680, 13980, 6395, 1650, 5921.33, 4015.59]
[25472979, 249, 2767, 2069, 2928, -297, -2654, 5908.14, 4004.47]
[25482923, 3041, 2060, 2038, -9124, -977, 4574, 5899.65, 3994.27]
[25492943, -1477, -828, -331, -6876, 639, -6962, 5892.91, 3986.69]
[25503033, 391, 666, -1032, -3740, 2251, 1938, 5886.46, 3982.39]
[25512949, -198, -1552, -1805, -6128, 331, -258, 5882.74, 3980.87]
[25522916, -867, 273, -1225, -4672, -57, -942, 5880.98, 3981.06]
[25533049, 134, -861, 128, 560, -401, 150, 5881.16, 3981.23]
[25542984, -535, -144, 44, 168, 267, 106, 5881.13, 3981.19]
[25553120, -132, 224, -58, -364, 147, 18, 5881.14, 3981.22]
[25562946, -132, 224, -58, -364, 147, 18, 5881.12, 3981.21]
[25572929, -199, -214, -6, -156, 87, -558, 5881.13, 3981.20]
[25582941, 44, -10, 19, -68, -129, 198, 5881.10, 3981.23]
[25592964, 11, -92, 1, -140, -177, -222, 5881.14, 3981.21]
[25602966, -24, 5, 26, -284, -109, -26, 5881.10, 3981.19]
[25612941, 24, -70, 16, -196, 163, -94, 5881.15, 3981.20]
[25622939, 27, -45, 43, -64, 47, -70, 5881.20, 3981.19]
[25632912, -49, 33, 23, -260, -61, 226, 5881.16, 3981.23]
[25643005, -40, -14, 12, -200, 35, -34, 5881.15, 3981.22]
[25653018, -33, -18, 20, -164, 23, -186, 5881.12, 3981.19]
[25662928, -28, 0, 66, -192, -77, -42, 5881.17, 3981.23]
[25672938, 27, -28, 16, 4, 23, -54, 5881.17, 3981.20]
[25683013, 27, -28, 16, 4, 23, -54, 5881.15, 3981.19]
[25692921, 12, 0, 40, -200, 119, -54, 5881.17, 3981.20]
[25702955, -11, -65, 10, -152, -165, -34, 5881.17, 3981.20]
[25712943, -8, -42, -2, -96, 31, -122, 5881.17, 3981.19]
[25722972, -15, -3, 10, -188, 255, 22, 5881.16, 3981.19]
[25732935, -2, -22, -30, -136, -193, -146, 5881.16, 3981.20]
[25742912, 10, -28, 23, -172, 275, -174, 5881.17, 3981.20]
[25752981, -5, -17, -1, -196, 295, -222, 5881.18, 3981.19]
[25763004, 0, -8, -14, -120, 99, -130, 5881.15, 3981.21]
[25772903, -43, -15, 27, -224, -33, -94, 5881.11, 3981.17]
[25782978, -46, -33, 68, -180, 7, -226, 5881.13, 3981.17]
[25792949, -46, -33, 68, -180, 7, -226, 5881.13, 3981.19]
[25802923, -3, -5, -1, -176, 31, -62, 5881.10, 3981.19]
[25812941, 21, -33, -13, -148, 7, -62, 5881.10, 3981.20]
[25823086, -30, -56, 1, -164, 63, -94, 5881.11, 3981.20]
[25833009, -22, -2, 44, -152, 11, -26, 5881.14, 3981.21]
[25842916, 2, -25, -2, -208, 3, -18, 5881.15, 3981.21]
[25852897, -28, 8, 42, -160, -213, -66, 5881.15, 3981.20]
[25862947, -9, -41, 25, -200, -37, -98, 5881.16, 3981.22]
[25872968, -20, -41, 12, -188, 3, -54, 5881.17, 3981.19]
[25884520, -29, -21, -1, -152, 59, -94, 5881.16, 3981.23]
[25893020, -2, -5, 0, -180, 79, 66, 5881.12, 3981.21]
[25902923, -16, 16, -15, -136, 11, -50, 5881.11, 3981.20]
[25912947, -7, 13, 18, -200, 55, -38, 5881.11, 3981.18]
[25922945, 11, -15, 3, -440, 11, -10, 5881.12, 3981.20]
[25932953, -13, -24, 9, -192, 15, -106, 5881.13, 3981.22]
[25942979, -13, -24, 9, -192, 15, -106, 5881.13, 3981.21]
[25952918, -1, -3, 46, -192, 11, -66, 5881.15, 3981.23]
[25962930, -15, 8, 19, -144, -209, 202, 5881.13, 3981.22]
[25972953, -15, -21, -12, -232, 19, -106, 5881.15, 3981.19]
[25982924, -24, -13, 8, -176, 19, -50, 5881.16, 3981.19]
[25992925, 19, -29, -23, -164, 79, -94, 5881.14, 3981.18]
[26002916, -11, -50, 35, -200, -25, -62, 5881.15, 3981.20]
[26012956, -21, -13, 8, -200, 31, -10, 5881.17, 3981.21]
[26022948, -21, -16, -4, -132, 23, -50, 5881.14, 3981.22]
[26032901, 5, -44, 41, 24, -9, 22, 5881.14, 3981.19]
[26042948, 8, 21, 7, -192, 3, -2, 5881.11, 3981.19]
[26053003, 23, -8, -9, -152, 291, -22, 5881.12, 3981.19]
[26062910, 1, -23, 38, -164, 31, -10, 5881.14, 3981.19]
[26072905, -32, -21, -13, -184, 7, -210, 5881.20, 3981.18]
[26082941, -13, -40, 24, -196, 87, -10, 5881.12, 3981.18]
[26093019, -20, -20, 7, -148, -161, -18, 5881.15, 3981.19]
[26102913, -20, -20, 7, -148, -161, -18, 5881.18, 3981.21]
[26112917, 2, -4, 25, -224, 35, -58, 5881.13, 3981.21]
[26122995, -12, 53, 26, -208, 87, -182, 5881.13, 3981.19]
[26132916, 26, -79, -26, -248, 99, 154, 5881.15, 3981.26]
[26142922, -229, -422, 41, 8, -89, -538, 5881.21, 3981.47]
[26152962, 175, 2470, -3011, -8812, -1005, 2246, 5882.70, 3986.79]
[26163127, 313, -629, -5283, -8572, 2015, -3502, 5886.20, 3996.87]
[26172917, 967, 1200, -5694, -7300, 507, 594, 5890.12, 4009.80]
[26182931, 686, -1434, -7411, -6852, 1059, -6502, 5886.53, 4020.91]
[26192903, 1282, 448, -9709, -3332, 2487, 914, 5887.12, 4034.95]
[26202907, 1062, -178, -9772, -2216, 843, -1050, 5892.17, 4048.69]
[26212923, -17, 745, -6295, -7164, 211, 542, 5903.08, 4060.25]
[26222917, -17, 745, -6295, -7164, 211, 542, 5916.03, 4073.70]
[26232944, -431, -546, -4146, -6452, -2113, 282, 5933.04, 4166.13]
[26242976, -127, -1072, -2834, 220, -685, -1414, 5947.98, 4178.52]
[26252969, 147, -783, -104, 4076, -793, -562, 5964.52, 4189.60]
[26262959, 197, -1022, 1711, 8100, 1367, 26, 5975.80, 4199.37]
[26272897, -495, 78, 1106, 5336, 639, -342, 5985.68, 4206.24]
[26282922, -943, -693, 1884, 7876, 1043, -294, 5994.97, 4150.20]
[26292910, -117, 674, 2137, 2432, -333, -934, 5996.58, 4213.47]
[26303131, -497, -514, -221, 7124, 175, 446, 5996.92, 4214.36]
[26312907, 281, 692, -786, 2712, -121, -8994, 5996.93, 4214.44]
[26322915, -197, 1658, -1829, -2952, 4019, -6110, 5996.81, 4218.50]
[26332905, 944, -449, -1003, -5460, 991, -2422, 5996.91, 4222.42]
[26342916, -697, -1112, -491, -2160, -385, -162, 5997.12, 4234.47]
[26352947, 165, 973, -11724, -15300, 4211, -2758, 5998.21, 4246.03]
[26363034, 2305, -1192, 2720, 10012, -29, -2082, 6000.45, 4247.20]
[26373041, 281, -938, 5228, 11364, 1207, 470, 6004.52, 4256.49]
[26382910, 549, 1322, -631, -17064, -1105, -1182, 6006.16, 4260.48]
[26392906, 486, 419, -5678, 6892, 1019, 1542, 6007.05, 4275.13]
[26403002, 486, 419, -5678, 6892, 1019, 1542, 6008.26, 4285.04]
[26412947, 1025, 1135, -7613, 10852, -469, -2582, 6010.60, 4299.77]
[26422977, 403, -1126, -13187, -7808, -33, -730, 6012.85, 4317.91]
[26432966, 298, -1375, -17389, -6352, 275, 518, 6014.75, 4344.73]
[26442930, -527, -254, -21052, -6320, 275, -686, 6016.32, 4372.23]
[26452943, -566, -1451, -18535, 652, 2387, -3266, 6018.45, 4392.75]
[26462916, -1295, -1307, -12417, 2972, 115, -1842, 6020.25, 4410.15]
[26472902, -1140, -1125, -9221, 3600, 1779, 1250, 6022.49, 4423.78]
[26482958, 275, 136, -6375, 1668, 1815, -710, 6023.39, 4434.50]
[26492940, 154, -152, -3907, 4428, -125, -522, 6024.34, 4524.18]
[26503038, -327, -523, 43, 2620, -117, 1034, 6027.60, 4530.26]
[26512932, -26, 50, 2196, 4412, -285, 1346, 6032.00, 4534.04]
[26522964, -773, -1435, 8475, 10060, 3219, -1302, 6034.76, 4533.98]
[26532975, 78, 2344, 4138, -1136, -1785, 2698, 6040.47, 4535.63]
[26542914, 1592, 1153, 554, -3116, -2405, 994, 6050.14, 4538.31]
[26552972, -458, -2361, 2276, 10436, 1535, -4986, 6048.16, 4538.10]
[26562946, -458, -2361, 2276, 10436, 1535, -4986, 6048.33, 4538.79]
[26574380, -1703, 444, 1561, 7032, 1883, 582, 6056.46, 4540.79]
[26582991, 599, 1513, -3004, -432, -837, 4998, 6091.07, 4540.17]
[26592909, 3438, 4983, 12456, -29640, -5597, 3990, 6150.67, 4538.10]
[26602961, -2698, 3048, 14964, -28128, -9337, -1478, 6216.70, 4540.51]
[26612913, -4507, -3766, 20399, 4084, 18059, 10418, 6294.31, 4548.35]
[26622965, 8482, 76, 5536, 268, -5713, 7662, 6377.16, 4559.79]
[26632905, -3900, 626, 16869, -21284, -6445, -17534, 6459.10, 4570.31]
[26642956, 556, -3639, 12683, 8748, -789, -3258, 6544.27, 4583.60]
[26652922, -4721, 5505, 21982, 32708, -5185, 7022, 6644.41, 4596.53]
[26663125, -10245, -980, 23416, -488, 6175, -21250, 6738.71, 4610.22]
[26672912, 8854, 428, 32689, -8748, -17201, 11478, 6811.33, 4623.21]
[26682949, -2402, 427, 32689, -12328, -5073, -7646, 6873.78, 4638.48]
[26692929, -4893, 682, 32689, -6908, -7701, -634, 6931.81, 4655.02]
[26702898, 1304, -1250, 29816, -4256, -3221, 614, 7016.17, 4678.93]
[26713039, 1304, -1250, 29816, -4256, -3221, 614, 7084.12, 4703.68]
[26722989, -1419, 294, 32244, -4560, -6449, -1614, 7163.75, 4729.22]
[26733092, -1841, -320, 32689, -6860, -3725, -2554, 7231.46, 4758.26]
[26743054, -1313, -98, 29279, -10376, -5969, 390, 7292.68, 4787.37]
[26752935, -908, -2028, 20023, 780, -4709, 4066, 7371.80, 4893.02]
[26762896, 718, 553, 19230, -260, -3949, 1286, 7446.88, 4926.94]
[26772961, -163, 1361, 24043, -3132, -7253, -834, 7517.17, 4964.71]
[26782942, -368, 763, 22047, -3616, -5241, -3690, 7589.79, 4999.40]
[26792948, -2176, -2292, 15660, -3820, -3097, -6570, 7651.64, 5038.15]
[26803142, -1586, -3841, 14340, -1068, -509, -1642, 7733.28, 5077.60]
[26812922, 88, 417, 16970, -1120, -2525, 3302, 7814.90, 5121.36]
[26822897, 547, 110, 19928, -2212, -2341, -1130, 7892.80, 5155.04]
[26832916, -4123, 4913, 25084, -7672, -5785, -1178, 7972.52, 5266.09]
[26842941, 3822, 203, 24224, 596, -4101, -1974, 8051.40, 5306.56]
[26853051, -86, -2348, 24550, -2564, -6321, -1390, 8137.01, 5345.80]
[26862928, -86, -2348, 24550, -2564, -6321, -1390, 8223.79, 5379.08]
[26872914, -1751, 597, 26770, 2264, -4257, 5726, 8304.71, 5416.52]
[26882903, -1795, -1105, 28583, 10304, -277, -3986, 8399.68, 5452.94]
[26892902, -1139, 736, 31360, -3336, -1613, 4430, 8481.10, 5487.86]
[26902944, -204, 1587, 32689, -7560, -9233, -2038, 8571.45, 5516.09]
[26912915, -142, 1307, 32689, -1076, -5277, -1134, 8661.95, 5621.27]
[26922980, -1586, -494, 32689, -732, -8693, -1562, 8731.47, 5653.20]
[26932991, -2765, -1972, 32689, -5788, -2761, 238, 8839.25, 5684.04]
[26942974, -2125, -1364, 32689, 2372, -4769, -970, 8922.14, 5717.41]
[26952931, 68, 1163, 32689, -2508, -7817, -342, 9015.90, 5750.43]
[26963056, 1608, 2891, 32689, -4016, -11237, 1522, 9092.42, 5786.02]
[26973019, 1366, 1442, 30342, 772, -7525, 1318, 9186.36, 5829.24]
[26982913, 1085, -1895, 27189, -2780, -5145, -3030, 9272.82, 5863.49]
[26992978, -1548, -733, 26591, -224, -6581, -1486, 9355.54, 5977.96]
[27002980, -1725, -2223, 29263, 2344, -3977, 3874, 9446.37, 6017.61]
[27012954, -3218, -4471, 30197, 776, -577, -4002, 9550.49, 6052.96]
[27022903, -3218, -4471, 30197, 776, -577, -4002, 9636.08, 6085.66]
[27032913, -2977, -4159, 32689, -2508, -7201, -690, 9732.29, 6116.98]
[27042980, 1576, 2390, 32689, -1400, -9461, 8498, 9812.51, 6146.56]
[27052952, -1584, 2397, 32689, 3364, -13297, -3502, 9911.78, 6180.02]
[27062936, -816, -233, 32689, 3208, -8809, -5862, 10004.54, 6207.17]
[27072897, -2548, -228, 32689, -4020, -11021, 1574, 10090.63, 6233.55]
[27082909, 2009, -19, 32689, 2588, -8833, 3094, 10172.16, 6340.72]
[27093152, -442, 17, 32689, -3232, -6237, 78, 10282.30, 6369.56]
[27102916, 1756, -3675, 32689, -4064, -25, 2134, 10369.70, 6403.06]
[27112933, -487, -632, 32689, -260, -4989, -3254, 10466.53, 6434.30]
[27122924, -1346, 880, 32689, -208, -5685, 7046, 10556.75, 6461.21]
[27132914, -539, -1134, 32689, 11556, -7121, -602, 10652.89, 6493.75]
[27142944, -193, 723, 32689, 1336, -7929, 3066, 10748.63, 6530.51]
[27152912, 1155, 2918, 32689, -472, -6969, -3794, 10834.46, 6561.68]
[27162947, -547, 1809, 32689, -4532, -9469, -1326, 10930.29, 6590.76]
[27172968, -2802, -1118, 32689, -340, -7561, -1338, 11011.63, 6698.03]
[27183098, -3434, -1811, 27073, -3620, -4533, 614, 11098.07, 6739.66]
[27192947, 803, 1046, 15479, -2264, -5489, -1258, 11179.36, 6788.66]
[27202942, 901, 1136, 9207, -6492, -2241, -854, 11245.34, 6831.81]
[27212930, 536, -1754, 7268, 5824, -2297, -2314, 11328.77, 6886.52]
[27222910, 536, -1754, 7268, 5824, -2297, -2314, 11399.09, 6933.67]
[27232930, 202, -88, 7925, 2048, -4325, 1066, 11479.07, 7057.00]
[27242915, -793, 475, 9238, -2192, -1457, -2370, 11547.82, 7105.04]
[27252946, -1262, 680, 9645, 1288, -1653, -894, 11611.56, 7157.19]
[27262906, -3010, -1118, 5817, 2104, 95, -2286, 11699.53, 7206.73]
[27272947, -1421, 649, 4103, 1524, -449, 1274, 11766.17, 7258.04]
[27283064, 1699, 459, 4140, 1796, -2097, 2366, 11842.28, 7305.28]
[27293002, -2765, -48, 5459, -8428, -1997, -2258, 11908.08, 7425.25]
[27303034, 788, -1185, 4465, -2672, 63, 1914, 11976.48, 7480.25]
[27312900, 811, -2404, 1726, -328, -2709, 258, 12044.81, 7528.48]
[27322936, 605, 549, 899, -696, -521, -810, 12116.60, 7581.32]
[27332897, 415, 1377, 2213, -3876, -633, 922, 12183.86, 7638.02]
[27342938, 415, 1377, 2213, -3876, -633, 922, 12256.60, 7678.22]
[27352964, -1026, 687, 4429, 92, -3213, -4154, 12315.66, 7678.22]
[27363075, -1485, -259, 1688, 1708, 647, 294, 12388.84, 7678.22]
[27372906, 8, -1738, -1363, 1888, 2055, 4738, 12455.35, 7678.22]
[27383110, 869, -38, -2728, 1336, 1611, -3530, 12517.69, 7601.83]
[27392976, 1351, 1454, -1706, -3568, 211, 382, 12587.66, 7651.86]
[27402926, 123, 1042, -1145, -2244, 2379, -530, 12647.51, 7771.98]
[27412934, -441, 93, -1250, 444, -1997, -1358, 12720.06, 7825.37]
[27423062, -1783, -800, -2718, 3288, 1227, -262, 12781.73, 7877.73]
[27432900, -1770, -908, -2218, 5764, 539, -970, 12849.52, 7922.76]
[27442940, -1631, -277, -1866, 1152, 3339, -1958, 12910.52, 7977.66]
[27452916, -528, 1, -2323, -2824, -2637, -3914, 12975.64, 8021.69]
[27463044, -359, -378, -1789, -1820, 1555, -1978, 13032.04, 8145.60]
[27472904, 1465, -1831, -1063, -3180, 739, -566, 13103.95, 8194.61]
[27482935, -22, -1198, 2561, -2108, -141, 1834, 13167.28, 8244.56]
[27492901, -1469, -536, 3921, -936, -2197, 4690, 13235.79, 8295.35]
[27502934, -185, -2686, -1942, 1352, -1533, -2310, 13295.23, 8350.89]
[27512930, -185, -2686, -1942, 1352, -1533, -2310, 13358.18, 8400.45]
[27523107, 767, -2373, -6583, 640, 1531, 5386, 13414.50, 8526.46]
[27533045, -517, 626, -6252, 3220, 2267, 98, 13489.56, 8582.96]
[27542904, 1442, 0, -3000, 2296, 615, -86, 13561.70, 8627.28]
[27552990, -203, 1257, 2733, 56, -2369, -3094, 13626.72, 8680.33]
[27562964, 2951, 1228, 4343, 1076, -265, 626, 13697.96, 8732.54]
[27572960, 877, 1008, 4224, -1196, 455, 1410, 13758.25, 8851.29]
[27582927, 1703, -440, 2833, 4268, 2087, -414, 13832.77, 8901.86]
[27592908, 1246, -917, 969, 6800, 607, 1354, 13901.04, 8948.87]
[27602926, 63, 522, 1063, 2208, -1101, -1754, 13986.62, 8993.94]
[27612932, -41, 2165, 1355, -1144, -2753, -3378, 14080.43, 9038.06]
[27622937, 825, 1307, -246, 6400, 1203, 4382, 14175.44, 9084.60]
[27632964, 825, 1307, -246, 6400, 1203, 4382, 14279.27, 9120.68]
[27642914, 771, 1389, 1311, -3220, -637, 1054, 14381.26, 9233.66]
[27652921, -2166, 2250, 447, 3152, -149, -2342, 14494.84, 9274.60]
[27662926, -1653, 1426, 4977, 1304, 567, 4458, 14601.18, 9308.33]
[27672967, -1381, 597, 8565, 7972, -561, -2910, 14674.67, 9338.18]
[27682963, 1450, -3461, 17789, -4076, 7715, -5654, 14773.21, 9366.68]
[27692915, -314, 6921, 25208, 2612, 1235, 15645, 14853.81, 9395.90]
[27702969, 9644, 84, 28947, -2384, -9225, 2554, 14926.09, 9426.48]
[27712990, -5373, -1802, 28100, -5376, -6481, -5290, 14997.87, 9459.73]
[27722913, -985, 2259, 13524, -6116, -9973, 4342, 15059.28, 9569.98]
[27732953, -3223, -6000, 5125, -648, -2589, 2470, 15125.87, 9612.64]
[27742930, -3223, -6000, 5125, -648, -2589, 2470, 15190.91, 9652.84]
[27752941, 1014, 1960, 11732, -8388, 295, -2198, 15278.04, 9689.58]
[27762975, -1186, -1029, 19560, -2692, -117, -5346, 15350.10, 9724.80]
[27773162, 732, 190, 23552, -4760, -4849, -1742, 15433.54, 9764.66]
[27782981, 594, 793, 25296, -788, -3089, 1046, 15518.35, 9801.06]
[27792935, -286, -240, 26934, -3556, -4541, -1390, 15599.95, 9834.36]
[27802915, 619, -235, 27776, -4312, -1597, -1522, 15689.35, 9944.02]
[27812993, 1722, 1001, 29412, -404, -7625, 6206, 15770.88, 9982.56]
[27823004, 630, 1598, 32689, 1668, -8849, -1730, 15863.15, 10017.87]
[27832916, -1289, 1152, 32689, -3904, -3557, -2090, 15958.70, 10051.44]
[27843010, -2567, -1333, 32689, -2472, -3605, -2306, 16042.66, 10083.49]
[27852982, -2567, -1333, 32689, -2472, -3605, -2306, 16139.27, 10115.84]
[27862947, -4032, -2581, 32689, -1288, -7093, 4442, 16226.09, 10151.41]
[27872920, -17, 499, 32689, -4456, -10769, -990, 16324.31, 10181.15]
[27882966, 975, 3644, 32689, -212, -10561, 5186, 16421.54, 10284.62]
[27892998, -1341, -178, 32689, -1060, -9321, -4374, 16508.11, 10312.90]
[27902948, -2988, -2304, 32689, -8, -10853, -862, 16602.09, 10341.86]
[27912961, -1719, -1154, 32689, 1828, -5837, 2662, 16702.81, 10375.58]
[27922913, -417, 1041, 32689, -1200, -6233, -3034, 16788.75, 10407.04]
[27932962, 300, 488, 32689, 668, -6213, 1054, 16886.52, 10436.54]
[27942933, 120, 332, 32689, -356, -6301, 1146, 16969.34, 10472.38]
[27952946, -1419, 796, 32689, -5672, -7001, -3214, 17068.65, 10509.04]
[27962983, -1710, -619, 32689, 1076, -7457, -1070, 17163.84, 10538.17]
[27972943, -3168, -564, 32689, 1612, -7177, 5566, 17250.91, 10646.13]
[27982941, -3168, -564, 32689, 1612, -7177, 5566, 17341.34, 10675.23]
[27992901, -104, 2119, 32689, -1136, -10333, -1686, 17429.70, 10711.30]
[28002897, -235, 776, 32689, -1420, -7609, 2478, 17521.87, 10747.00]
[28012929, -798, -1567, 32689, -2152, -9217, 206, 17615.34, 10777.19]
[28022969, -582, 128, 32689, -3892, -6861, 7130, 17692.20, 10814.74]
[28032935, -2519, -570, 28663, -5060, -3305, -942, 17780.56, 10861.63]
[28042914, 919, 2228, 21989, 5112, -333, -1638, 17855.25, 10900.63]
[28052951, 1125, -533, 16020, 1696, -5653, 1374, 17939.48, 11018.72]
[28062935, -230, 39, 17127, -1008, -1625, -2686, 18017.99, 11060.27]
[28073017, 2340, 2179, 22043, -1700, -7765, -1130, 18092.96, 11104.94]
[28082981, -1145, -134, 24848, 520, -885, 546, 18198.09, 11144.91]
[28092991, -923, -911, 27142, 2136, -3245, 290, 18278.33, 11182.76]
[28103054, -3076, -1991, 27471, -744, -5301, -4382, 18371.68, 11227.19]
[28112994, -136, 439, 29145, -1948, -7701, 3486, 18451.33, 11260.44]
[28122928, -64, -337, 31537, 760, -3277, -1038, 18551.41, 11371.63]
[28132936, 113, 534, 32689, 2796, -3609, 854, 18647.14, 11408.17]
[28142944, -2400, 165, 32689, -544, -6401, 3766, 18733.09, 11444.70]
[28152930, -1217, -1505, 32689, -4412, -6105, -9054, 18816.25, 11482.18]
[28162897, -1243, -1712, 32689, -816, -1353, -10, 18929.80, 11515.65]
[28172916, -997, 168, 32689, -3424, -7001, -270, 19017.18, 11556.26]
[28182964, 1431, 1852, 32689, 2372, -5801, 2022, 19114.66, 11596.54]
[28192941, 1341, 573, 32689, 204, -4749, -4590, 19205.64, 11621.13]
[28202959, 1341, 573, 32689, 204, -4749, -4590, 19304.78, 11727.64]
[28212931, -2542, -1802, 32689, 404, -7349, 2518, 19403.84, 11757.92]
[28222973, -2594, -894, 32689, 904, -6513, 3082, 19492.47, 11787.85]
[28232908, -1386, 396, 32689, 1748, -8249, 1978, 19595.59, 11819.02]
[28242962, -705, -66, 32689, 164, -8661, 346, 19693.89, 11847.15]
[28253018, -668, 896, 32689, -332, -9189, -4070, 19783.10, 11872.54]
[28262932, -2900, -795, 32689, -1292, -9465, 2602, 19876.99, 11902.18]
[28272947, -2900, -795, 32689, -1292, -9465, 2602, 19971.18, 11930.91]
[28282911, -2348, -3404, 32689, -420, -6845, -2814, 20069.69, 11960.97]
[28292920, -868, -493, 32689, 1332, -8149, 3642, 20167.98, 11987.79]
[28302957, 1589, 259, 32689, -3980, -9161, 858, 20250.55, 12090.88]
[28312914, 963, 3938, 32689, -1404, -12181, -1114, 20353.14, 12121.02]
[28322944, -776, 91, 32689, 1024, -11361, 3002, 20437.11, 12155.43]
[28332997, -358, -709, 32689, 2740, -6677, 1414, 20530.56, 12187.70]
[28342936, -1216, 518, 32689, -4288, -7705, 2678, 20616.42, 12221.61]
[28352948, -777, -78, 29316, 4960, -6569, -6130, 20700.20, 12259.47]
[28362980, -1661, 70, 23673, -2968, -8265, 1066, 20782.87, 12300.34]
[28372921, -1306, 376, 16220, -464, -6129, -2314, 20851.97, 12343.94]
[28382914, -1772, -947, 6473, -600, -4101, -3078, 20923.05, 12463.88]
[28392917, -1220, -1275, 1009, 1472, 2463, 5134, 20976.73, 12518.32]
[28402915, 351, 312, -1377, 792, 295, -4566, 21064.43, 12566.43]
